t	a	b
0	-39	32
0.01465	-34	34
0.0293	-28	36
0.04396	-25	36
0.05861	-23	37
0.07326	-22	37
0.08791	-21	39
0.10256	-19	39
0.11722	-16	40
0.13187	-11	40
0.14652	-9	40
0.16117	-8	39
0.17582	-8	38
0.19048	-9	37
0.20513	-9	39
0.21978	-9	42
0.23443	-9	46
0.24908	-9	48
0.26374	-9	50
0.27839	-9	53
0.29304	-9	56
0.30769	-9	58
0.32234	-8	60
0.337	-8	61
0.35165	-7	63
0.3663	-6	64
0.38095	-5	65
0.3956	-5	65
0.41026	-4	65
0.42491	-2	64
0.43956	0	63
0.45421	1	61
0.46886	2	60
0.48352	5	58
0.49817	9	56
0.51282	15	56
0.52747	21	57
0.54212	26	59
0.55678	29	60
0.57143	32	62
0.58608	35	63
0.60073	38	64
0.61538	39	64
0.63004	40	65
0.64469	41	66
0.65934	42	66
0.67399	41	66
0.68864	40	66
0.7033	38	68
0.71795	37	69
0.7326	37	71
0.74725	40	72
0.7619	43	74
0.77656	46	75
0.79121	48	76
0.80586	50	77
0.82051	53	78
0.83516	56	78
0.84982	60	78
0.86447	63	79
0.87912	67	81
0.89377	71	82
0.90842	76	83
0.92308	79	82
0.93773	81	81
0.95238	84	81
0.96703	86	82
0.98168	87	82
0.99634	88	83
1.01099	90	84
1.02564	90	86
1.04029	91	88
1.05495	93	90
1.0696	96	93
1.08425	97	97
1.0989	99	100
1.11355	103	103
1.12821	105	107
1.14286	108	111
1.15751	109	114
1.17216	111	115
1.18681	112	116
1.20147	112	114
1.21612	111	113
1.23077	111	113
1.24542	112	113
1.26007	114	113
1.27473	117	113
1.28938	120	113
1.30403	122	114
1.31868	124	116
1.33333	127	119
1.34799	128	122
1.36264	129	123
1.37729	129	124
1.39194	129	125
1.40659	130	126
1.42125	132	126
1.4359	134	128
1.45055	138	131
1.4652	141	135
1.47985	144	137
1.49451	147	139
1.50916	150	139
1.52381	153	139
1.53846	157	139
1.55311	161	140
1.56777	165	141
1.58242	169	141
1.59707	172	141
1.61172	175	141
1.62637	178	141
1.64103	179	142
1.65568	180	141
1.67033	181	139
1.68498	182	138
1.69963	186	137
1.71429	189	138
1.72894	193	141
1.74359	198	145
1.75824	203	149
1.77289	207	154
1.78755	211	157
1.8022	215	159
1.81685	216	160
1.8315	220	160
1.84615	223	161
1.86081	227	162
1.87546	232	164
1.89011	237	163
1.90476	242	164
1.91941	247	164
1.93407	251	166
1.94872	255	166
1.96337	258	165
1.97802	262	164
1.99267	266	164
2.00733	270	161
2.02198	273	160
2.03663	277	158
2.05128	281	157
2.06593	284	155
2.08059	288	154
2.09524	293	153
2.10989	298	153
2.12454	304	155
2.13919	308	157
2.15385	313	159
2.1685	318	162
2.18315	325	165
2.1978	333	168
2.21245	342	170
2.22711	350	172
2.24176	358	176
2.25641	367	180
2.27106	374	183
2.28571	382	185
2.30037	389	187
2.31502	396	190
2.32967	403	194
2.34432	408	199
2.35897	413	201
2.37363	416	203
2.38828	420	204
2.40293	424	203
2.41758	428	202
2.43223	433	201
2.44689	439	202
2.46154	445	204
2.47619	450	206
2.49084	454	209
2.50549	458	212
2.52015	462	214
2.5348	468	216
2.54945	475	217
2.5641	481	219
2.57875	488	220
2.59341	496	222
2.60806	506	224
2.62271	514	226
2.63736	522	227
2.65201	530	227
2.66667	539	228
2.68132	549	229
2.69597	560	230
2.71062	570	230
2.72527	580	232
2.73993	591	233
2.75458	601	235
2.76923	610	237
2.78388	619	239
2.79853	627	239
2.81319	636	240
2.82784	643	242
2.84249	650	244
2.85714	658	245
2.87179	666	248
2.88645	673	252
2.9011	681	255
2.91575	689	258
2.9304	698	260
2.94505	707	261
2.95971	716	261
2.97436	726	260
2.98901	735	259
3.00366	746	258
3.01832	756	259
3.03297	766	259
3.04762	777	261
3.06227	789	266
3.07692	800	270
3.09158	812	273
3.10623	824	278
3.12088	835	283
3.13553	845	287
3.15018	855	291
3.16484	865	295
3.17949	874	299
3.19414	883	304
3.20879	894	308
3.22344	905	313
3.2381	917	317
3.25275	927	319
3.2674	939	322
3.28205	951	324
3.2967	965	327
3.31136	980	329
3.32601	995	331
3.34066	1009	334
3.35531	1020	337
3.36996	1031	341
3.38462	1044	344
3.39927	1056	346
3.41392	1068	348
3.42857	1079	350
3.44322	1091	351
3.45788	1104	350
3.47253	1117	351
3.48718	1131	354
3.50183	1145	357
3.51648	1158	359
3.53114	1171	361
3.54579	1184	363
3.56044	1195	366
3.57509	1206	370
3.58974	1218	376
3.6044	1230	382
3.61905	1243	387
3.6337	1255	393
3.64835	1267	400
3.663	1278	406
3.67766	1290	412
3.69231	1301	418
3.70696	1313	425
3.72161	1326	431
3.73626	1338	438
3.75092	1351	444
3.76557	1363	452
3.78022	1377	459
3.79487	1390	465
3.80952	1403	468
3.82418	1413	472
3.83883	1423	476
3.85348	1432	480
3.86813	1442	482
3.88278	1452	486
3.89744	1462	491
3.91209	1473	497
3.92674	1483	502
3.94139	1493	505
3.95604	1502	509
3.9707	1511	513
3.98535	1518	517
4	1525	522
4.01465	1532	528
4.0293	1539	533
4.04396	1546	539
4.05861	1555	546
4.07326	1564	553
4.08791	1574	559
4.10256	1582	566
4.11722	1589	573
4.13187	1597	581
4.14652	1605	589
4.16117	1611	597
4.17582	1617	604
4.19048	1621	611
4.20513	1626	618
4.21978	1631	625
4.23443	1637	632
4.24908	1642	640
4.26374	1647	647
4.27839	1652	655
4.29304	1657	663
4.30769	1662	670
4.32234	1666	677
4.337	1669	684
4.35165	1672	691
4.3663	1676	697
4.38095	1679	702
4.3956	1681	709
4.41026	1684	715
4.42491	1687	721
4.43956	1690	727
4.45421	1692	734
4.46886	1693	739
4.48352	1695	745
4.49817	1697	750
4.51282	1698	754
4.52747	1698	759
4.54212	1696	764
4.55678	1694	770
4.57143	1692	777
4.58608	1691	785
4.60073	1691	793
4.61538	1691	803
4.63004	1690	810
4.64469	1687	817
4.65934	1683	825
4.67399	1679	833
4.68864	1676	842
4.7033	1674	851
4.71795	1671	860
4.7326	1668	868
4.74725	1666	878
4.7619	1665	887
4.77656	1663	896
4.79121	1660	904
4.80586	1657	912
4.82051	1653	920
4.83516	1649	928
4.84982	1645	935
4.86447	1641	941
4.87912	1637	946
4.89377	1634	952
4.90842	1630	956
4.92308	1626	961
4.93773	1624	966
4.95238	1621	972
4.96703	1617	979
4.98168	1613	986
4.99634	1611	991
5.01099	1608	997
5.02564	1603	1002
5.04029	1598	1008
5.05495	1592	1015
5.0696	1587	1022
5.08425	1581	1029
5.0989	1575	1036
5.11355	1570	1043
5.12821	1565	1049
5.14286	1561	1054
5.15751	1556	1058
5.17216	1551	1062
5.18681	1547	1067
5.20147	1543	1072
5.21612	1539	1077
5.23077	1534	1082
5.24542	1528	1088
5.26007	1521	1095
5.27473	1514	1101
5.28938	1507	1106
5.30403	1500	1112
5.31868	1493	1118
5.33333	1486	1126
5.34799	1479	1132
5.36264	1474	1136
5.37729	1468	1139
5.39194	1463	1143
5.40659	1458	1146
5.42125	1451	1150
5.4359	1445	1155
5.45055	1440	1160
5.4652	1434	1164
5.47985	1430	1167
5.49451	1426	1169
5.50916	1420	1172
5.52381	1413	1175
5.53846	1406	1178
5.55311	1400	1182
5.56777	1395	1184
5.58242	1389	1188
5.59707	1383	1192
5.61172	1378	1196
5.62637	1373	1200
5.64103	1369	1204
5.65568	1364	1209
5.67033	1359	1212
5.68498	1354	1215
5.69963	1350	1218
5.71429	1344	1222
5.72894	1339	1225
5.74359	1334	1229
5.75824	1330	1233
5.77289	1325	1237
5.78755	1321	1243
5.8022	1316	1249
5.81685	1312	1255
5.8315	1308	1262
5.84615	1305	1267
5.86081	1302	1271
5.87546	1300	1273
5.89011	1300	1275
5.90476	1302	1278
5.91941	1305	1281
5.93407	1311	1285
5.94872	1321	1290
5.96337	1333	1294
5.97802	1347	1298
5.99267	1363	1300
6.00733	1381	1302
6.02198	1402	1304
6.03663	1425	1306
6.05128	1448	1309
6.06593	1472	1313
6.08059	1495	1317
6.09524	1519	1321
6.10989	1545	1325
6.12454	1571	1331
6.13919	1598	1337
6.15385	1623	1343
6.1685	1649	1349
6.18315	1674	1354
6.1978	1701	1361
6.21245	1728	1368
6.22711	1755	1373
6.24176	1782	1379
6.25641	1807	1385
6.27106	1832	1392
6.28571	1856	1401
6.30037	1879	1413
6.31502	1903	1426
6.32967	1928	1440
6.34432	1953	1456
6.35897	1978	1475
6.37363	2004	1496
6.38828	2030	1518
6.40293	2055	1543
6.41758	2082	1569
6.43223	2109	1596
6.44689	2137	1623
6.46154	2165	1648
6.47619	2193	1674
6.49084	2220	1701
6.50549	2247	1726
6.52015	2272	1752
6.5348	2298	1779
6.54945	2326	1805
6.5641	2355	1832
6.57875	2383	1858
6.59341	2410	1884
6.60806	2438	1910
6.62271	2466	1936
6.63736	2494	1960
6.65201	2522	1984
6.66667	2551	2010
6.68132	2581	2035
6.69597	2610	2058
6.71062	2639	2083
6.72527	2669	2108
6.73993	2698	2133
6.75458	2728	2159
6.76923	2759	2185
6.78388	2789	2211
6.79853	2820	2236
6.81319	2851	2262
6.82784	2883	2288
6.84249	2915	2313
6.85714	2946	2339
6.87179	2976	2365
6.88645	3006	2389
6.9011	3036	2412
6.91575	3066	2434
6.9304	3097	2458
6.94505	3127	2482
6.95971	3158	2508
6.97436	3190	2535
6.98901	3221	2562
7.00366	3252	2588
7.01832	3282	2615
7.03297	3312	2641
7.04762	3342	2666
7.06227	3371	2693
7.07692	3400	2721
7.09158	3429	2750
7.10623	3457	2779
7.12088	3485	2809
7.13553	3513	2841
7.15018	3543	2871
7.16484	3574	2900
7.17949	3604	2929
7.19414	3635	2956
7.20879	3665	2983
7.22344	3696	3009
7.2381	3729	3037
7.25275	3762	3065
7.2674	3795	3093
7.28205	3827	3121
7.2967	3858	3149
7.31136	3888	3176
7.32601	3919	3203
7.34066	3950	3230
7.35531	3981	3258
7.36996	4012	3287
7.38462	4045	3318
7.39927	4076	3351
7.41392	4107	3384
7.42857	4139	3415
7.44322	4171	3445
7.45788	4204	3474
7.47253	4237	3502
7.48718	4268	3528
7.50183	4298	3553
7.51648	4327	3577
7.53114	4354	3602
7.54579	4381	3627
7.56044	4408	3653
7.57509	4434	3680
7.58974	4460	3709
7.6044	4488	3738
7.61905	4518	3769
7.6337	4549	3799
7.64835	4579	3829
7.663	4608	3859
7.67766	4637	3889
7.69231	4667	3917
7.70696	4697	3944
7.72161	4726	3972
7.73626	4756	4000
7.75092	4787	4028
7.76557	4818	4056
7.78022	4850	4083
7.79487	4881	4112
7.80952	4915	4141
7.82418	4950	4168
7.83883	4985	4195
7.85348	5019	4222
7.86813	5051	4251
7.88278	5083	4282
7.89744	5115	4312
7.91209	5148	4341
7.92674	5181	4369
7.94139	5214	4399
7.95604	5247	4428
7.9707	5280	4455
7.98535	5315	4481
8	5349	4507
8.01465	5383	4534
8.0293	5416	4561
8.04396	5449	4588
8.05861	5481	4614
8.07326	5512	4641
8.08791	5544	4669
8.10256	5577	4697
8.11722	5609	4726
8.13187	5641	4754
8.14652	5672	4783
8.16117	5703	4814
8.17582	5734	4845
8.19048	5765	4876
8.20513	5794	4904
8.21978	5823	4931
8.23443	5851	4957
8.24908	5878	4984
8.26374	5905	5012
8.27839	5932	5039
8.29304	5958	5066
8.30769	5986	5092
8.32234	6014	5119
8.337	6042	5147
8.35165	6069	5176
8.3663	6098	5205
8.38095	6126	5233
8.3956	6154	5261
8.41026	6183	5288
8.42491	6214	5314
8.43956	6246	5341
8.45421	6278	5368
8.46886	6310	5397
8.48352	6343	5427
8.49817	6376	5456
8.51282	6409	5485
8.52747	6443	5513
8.54212	6477	5541
8.55678	6511	5570
8.57143	6545	5599
8.58608	6579	5629
8.60073	6614	5657
8.61538	6648	5685
8.63004	6682	5714
8.64469	6714	5743
8.65934	6746	5771
8.67399	6776	5798
8.68864	6808	5828
8.7033	6841	5857
8.71795	6875	5886
8.7326	6910	5913
8.74725	6944	5940
8.7619	6979	5967
8.77656	7016	5993
8.79121	7053	6022
8.80586	7089	6051
8.82051	7125	6079
8.83516	7160	6108
8.84982	7195	6136
8.86447	7226	6163
8.87912	7255	6189
8.89377	7282	6216
8.90842	7306	6241
8.92308	7327	6267
8.93773	7344	6295
8.95238	7357	6320
8.96703	7365	6343
8.98168	7371	6364
8.99634	7371	6386
9.01099	7368	6409
9.02564	7363	6434
9.04029	7356	6460
9.05495	7349	6486
9.0696	7341	6512
9.08425	7333	6539
9.0989	7325	6565
9.11355	7317	6591
9.12821	7308	6618
9.14286	7298	6644
9.15751	7285	6669
9.17216	7271	6694
9.18681	7256	6717
9.20147	7242	6740
9.21612	7228	6762
9.23077	7215	6783
9.24542	7203	6805
9.26007	7189	6825
9.27473	7175	6844
9.28938	7161	6862
9.30403	7148	6879
9.31868	7134	6895
9.33333	7120	6909
9.34799	7106	6920
9.36264	7093	6929
9.37729	7080	6935
9.39194	7066	6940
9.40659	7052	6943
9.42125	7039	6946
9.4359	7027	6947
9.45055	7014	6945
9.4652	7000	6946
9.47985	6985	6946
9.49451	6970	6945
9.50916	6955	6943
9.52381	6940	6942
9.53846	6925	6939
9.55311	6910	6937
9.56777	6898	6936
9.58242	6886	6934
9.59707	6875	6932
9.61172	6862	6929
9.62637	6851	6926
9.64103	6840	6923
9.65568	6830	6921
9.67033	6819	6919
9.68498	6808	6916
9.69963	6796	6913
9.71429	6783	6909
9.72894	6770	6904
9.74359	6758	6899
9.75824	6747	6895
9.77289	6738	6890
9.78755	6729	6884
9.8022	6720	6878
9.81685	6712	6872
9.8315	6702	6868
9.84615	6691	6864
9.86081	6679	6861
9.87546	6669	6859
9.89011	6658	6856
9.90476	6648	6854
9.91941	6640	6851
9.93407	6632	6846
9.94872	6624	6841
9.96337	6615	6837
9.97802	6607	6832
9.99267	6598	6829
10.0073	6590	6825
10.022	6581	6821
10.0366	6574	6819
10.0513	6566	6818
10.0659	6557	6816
10.0806	6549	6813
10.0952	6542	6811
10.1099	6534	6807
10.1245	6524	6803
10.1392	6516	6800
10.1539	6507	6796
10.1685	6499	6793
10.1831	6491	6790
10.1978	6483	6786
10.2125	6475	6783
10.2271	6467	6780
10.2418	6460	6778
10.2564	6453	6775
10.2711	6447	6772
10.2857	6442	6768
10.3004	6438	6764
10.315	6435	6760
10.3297	6433	6755
10.3443	6433	6751
10.359	6432	6747
10.3736	6430	6741
10.3883	6426	6735
10.4029	6422	6730
10.4176	6417	6728
10.4322	6409	6725
10.4469	6399	6721
10.4615	6388	6718
10.4762	6377	6715
10.4908	6366	6713
10.5055	6356	6710
10.5201	6348	6708
10.5348	6340	6707
10.5495	6331	6706
10.5641	6324	6702
10.5787	6316	6697
10.5934	6308	6690
10.6081	6301	6684
10.6227	6293	6678
10.6374	6286	6674
10.652	6280	6671
10.6667	6274	6668
10.6813	6268	6666
10.696	6262	6664
10.7106	6254	6662
10.7253	6248	6659
10.7399	6242	6655
10.7546	6235	6652
10.7692	6229	6648
10.7839	6223	6644
10.7985	6218	6638
10.8132	6212	6633
10.8278	6208	6628
10.8425	6206	6624
10.8571	6206	6620
10.8718	6207	6616
10.8865	6208	6613
10.9011	6210	6609
10.9157	6209	6604
10.9304	6207	6599
10.9451	6202	6592
10.9597	6196	6587
10.9744	6187	6581
10.989	6177	6575
11.0037	6167	6570
11.0183	6158	6566
11.033	6150	6564
11.0476	6143	6563
11.0623	6137	6562
11.0769	6130	6561
11.0916	6124	6560
11.1062	6117	6558
11.1209	6111	6556
11.1355	6103	6553
11.1502	6095	6550
11.1648	6086	6545
11.1795	6077	6540
11.1941	6069	6534
11.2088	6059	6529
11.2234	6050	6524
11.2381	6042	6519
11.2528	6035	6514
11.2674	6027	6509
11.2821	6019	6503
11.2967	6011	6497
11.3114	6002	6492
11.326	5993	6488
11.3407	5984	6486
11.3553	5975	6483
11.37	5965	6481
11.3846	5957	6478
11.3993	5949	6475
11.4139	5937	6470
11.4286	5926	6465
11.4432	5914	6460
11.4579	5904	6457
11.4725	5894	6453
11.4872	5885	6447
11.5018	5877	6441
11.5165	5870	6436
11.5311	5865	6433
11.5458	5860	6431
11.5604	5853	6427
11.5751	5845	6424
11.5897	5838	6420
11.6044	5831	6415
11.6191	5824	6411
11.6337	5819	6407
11.6484	5813	6403
11.663	5808	6400
11.6777	5803	6396
11.6923	5799	6391
11.707	5795	6386
11.7216	5792	6381
11.7363	5788	6378
11.7509	5785	6374
11.7656	5781	6371
11.7802	5776	6368
11.7949	5771	6366
11.8095	5765	6364
11.8242	5760	6362
11.8388	5755	6360
11.8535	5751	6357
11.8681	5748	6353
11.8828	5742	6349
11.8974	5735	6344
11.9121	5728	6341
11.9267	5720	6336
11.9414	5713	6332
11.956	5708	6328
11.9707	5702	6324
11.9854	5698	6321
12	5692	6316
12.0147	5686	6312
12.0293	5681	6308
12.044	5677	6303
12.0586	5673	6298
12.0733	5671	6292
12.0879	5666	6284
12.1026	5660	6276
12.1172	5653	6270
12.1319	5646	6264
12.1465	5640	6261
12.1612	5635	6257
12.1758	5630	6254
12.1905	5624	6249
12.2051	5619	6244
12.2198	5613	6237
12.2344	5607	6232
12.2491	5601	6228
12.2637	5596	6224
12.2784	5589	6220
12.293	5581	6216
12.3077	5575	6212
12.3223	5569	6207
12.337	5563	6203
12.3516	5557	6199
12.3663	5551	6193
12.381	5545	6185
12.3956	5539	6177
12.4103	5533	6172
12.4249	5527	6168
12.4396	5522	6164
12.4542	5517	6160
12.4689	5513	6157
12.4835	5509	6155
12.4982	5506	6153
12.5128	5503	6151
12.5275	5500	6150
12.5421	5497	6148
12.5568	5493	6146
12.5714	5489	6142
12.5861	5485	6138
12.6007	5482	6132
12.6154	5480	6128
12.63	5477	6125
12.6447	5474	6123
12.6593	5472	6123
12.674	5471	6122
12.6886	5469	6121
12.7033	5466	6120
12.718	5462	6119
12.7326	5458	6118
12.7472	5455	6116
12.7619	5453	6113
12.7766	5451	6109
12.7912	5449	6105
12.8059	5448	6103
12.8205	5448	6099
12.8352	5449	6095
12.8498	5452	6091
12.8645	5455	6087
12.8791	5459	6082
12.8938	5462	6076
12.9084	5464	6071
12.9231	5464	6067
12.9377	5460	6064
12.9524	5454	6061
12.967	5447	6057
12.9817	5440	6052
12.9963	5432	6045
13.011	5423	6041
13.0256	5415	6037
13.0403	5408	6032
13.055	5402	6028
13.0696	5396	6023
13.0843	5389	6017
13.0989	5381	6011
13.1136	5372	6005
13.1282	5363	6001
13.1429	5354	5997
13.1575	5343	5994
13.1722	5333	5990
13.1868	5322	5985
13.2015	5310	5980
13.2161	5300	5975
13.2308	5292	5970
13.2454	5284	5968
13.2601	5276	5966
13.2747	5269	5964
13.2894	5264	5960
13.304	5261	5955
13.3187	5258	5952
13.3333	5255	5947
13.348	5250	5944
13.3626	5246	5940
13.3773	5242	5938
13.3919	5237	5936
13.4066	5233	5932
13.4213	5230	5928
13.4359	5227	5923
13.4506	5224	5919
13.4652	5221	5914
13.4799	5218	5909
13.4945	5213	5903
13.5092	5208	5896
13.5238	5202	5890
13.5385	5194	5885
13.5531	5188	5879
13.5678	5180	5875
13.5824	5173	5871
13.5971	5166	5866
13.6117	5159	5863
13.6264	5151	5861
13.641	5144	5860
13.6557	5138	5859
13.6703	5134	5859
13.685	5131	5859
13.6996	5129	5858
13.7143	5128	5854
13.7289	5126	5850
13.7436	5122	5845
13.7582	5120	5841
13.7729	5116	5837
13.7876	5110	5834
13.8022	5104	5830
13.8169	5098	5826
13.8315	5093	5822
13.8462	5088	5819
13.8608	5084	5816
13.8755	5079	5814
13.8901	5073	5811
13.9048	5069	5808
13.9194	5065	5804
13.9341	5061	5798
13.9487	5056	5792
13.9634	5051	5787
13.978	5047	5783
13.9927	5043	5780
14.0073	5039	5775
14.022	5034	5771
14.0366	5030	5768
14.0513	5028	5765
14.0659	5026	5763
14.0806	5024	5762
14.0952	5021	5761
14.1099	5018	5760
14.1245	5014	5757
14.1392	5010	5754
14.1539	5006	5750
14.1685	5003	5745
14.1831	5001	5739
14.1978	4999	5735
14.2125	4997	5731
14.2271	4995	5726
14.2418	4991	5722
14.2564	4987	5718
14.2711	4983	5716
14.2857	4978	5713
14.3004	4974	5710
14.315	4969	5706
14.3297	4962	5702
14.3443	4955	5698
14.359	4949	5695
14.3736	4943	5693
14.3883	4937	5691
14.4029	4933	5691
14.4176	4928	5688
14.4322	4924	5685
14.4469	4922	5683
14.4615	4919	5682
14.4762	4914	5680
14.4908	4910	5678
14.5055	4906	5675
14.5201	4902	5673
14.5348	4898	5669
14.5495	4892	5666
14.5641	4885	5663
14.5787	4879	5660
14.5934	4874	5656
14.6081	4870	5653
14.6227	4867	5650
14.6374	4864	5646
14.652	4862	5641
14.6667	4859	5636
14.6813	4856	5632
14.696	4851	5629
14.7106	4847	5625
14.7253	4842	5620
14.7399	4838	5616
14.7546	4834	5613
14.7692	4832	5610
14.7839	4831	5606
14.7985	4829	5603
14.8132	4826	5601
14.8278	4822	5599
14.8425	4816	5595
14.8571	4809	5592
14.8718	4802	5589
14.8865	4796	5586
14.9011	4790	5582
14.9157	4785	5578
14.9304	4779	5573
14.9451	4774	5568
14.9597	4771	5561
14.9744	4769	5555
14.989	4766	5548
15.0037	4763	5541
15.0183	4760	5538
15.033	4757	5534
15.0476	4753	5531
15.0623	4749	5526
15.0769	4746	5521
15.0916	4743	5517
15.1062	4740	5514
15.1209	4737	5510
15.1355	4735	5507
15.1502	4734	5504
15.1648	4732	5500
15.1795	4729	5495
15.1941	4726	5491
15.2088	4722	5488
15.2234	4720	5484
15.2381	4717	5481
15.2528	4714	5478
15.2674	4711	5475
15.2821	4707	5472
15.2967	4704	5470
15.3114	4700	5469
15.326	4697	5467
15.3407	4692	5465
15.3553	4687	5462
15.37	4683	5458
15.3846	4679	5454
15.3993	4674	5450
15.4139	4671	5446
15.4286	4667	5442
15.4432	4663	5439
15.4579	4659	5439
15.4725	4656	5438
15.4872	4651	5437
15.5018	4648	5436
15.5165	4645	5436
15.5311	4643	5434
15.5458	4639	5430
15.5604	4636	5426
15.5751	4632	5423
15.5897	4628	5419
15.6044	4624	5414
15.6191	4621	5409
15.6337	4618	5405
15.6484	4614	5401
15.663	4610	5397
15.6777	4606	5391
15.6923	4604	5385
15.707	4602	5380
15.7216	4600	5373
15.7363	4598	5367
15.7509	4596	5362
15.7656	4593	5358
15.7802	4591	5355
15.7949	4590	5352
15.8095	4588	5350
15.8242	4587	5349
15.8388	4584	5349
15.8535	4582	5349
15.8681	4579	5348
15.8828	4576	5347
15.8974	4571	5346
15.9121	4566	5346
15.9267	4560	5345
15.9414	4553	5344
15.956	4547	5342
15.9707	4543	5340
15.9854	4538	5338
16	4533	5335
16.0147	4529	5331
16.0293	4526	5326
16.044	4522	5321
16.0586	4520	5316
16.0733	4518	5313
16.0879	4515	5310
16.1026	4513	5307
16.1172	4511	5303
16.1319	4507	5298
16.1465	4502	5293
16.1612	4496	5288
16.1758	4490	5282
16.1905	4485	5276
16.2051	4482	5272
16.2198	4481	5268
16.2344	4481	5264
16.2491	4480	5260
16.2637	4479	5257
16.2784	4478	5254
16.293	4475	5252
16.3077	4473	5249
16.3223	4469	5247
16.337	4465	5245
16.3516	4461	5242
16.3663	4457	5239
16.3809	4454	5237
16.3956	4451	5235
16.4103	4447	5233
16.4249	4445	5230
16.4396	4442	5226
16.4542	4438	5221
16.4689	4434	5217
16.4835	4430	5212
16.4982	4427	5207
16.5128	4423	5201
16.5275	4420	5196
16.5421	4418	5192
16.5568	4415	5190
16.5714	4412	5187
16.5861	4409	5185
16.6007	4407	5182
16.6154	4405	5179
16.63	4401	5175
16.6447	4396	5172
16.6593	4392	5169
16.674	4389	5166
16.6886	4389	5163
16.7033	4389	5160
16.7179	4388	5157
16.7326	4389	5154
16.7473	4390	5151
16.7619	4390	5149
16.7766	4388	5147
16.7912	4386	5146
16.8059	4384	5144
16.8205	4383	5142
16.8352	4382	5140
16.8498	4382	5138
16.8645	4381	5134
16.8791	4378	5132
16.8938	4374	5130
16.9084	4368	5128
16.9231	4363	5125
16.9377	4358	5122
16.9524	4354	5117
16.967	4349	5113
16.9817	4343	5109
16.9963	4337	5106
17.011	4333	5103
17.0256	4329	5099
17.0403	4326	5093
17.055	4323	5089
17.0696	4321	5086
17.0843	4319	5082
17.0989	4317	5079
17.1136	4315	5077
17.1282	4313	5075
17.1429	4310	5073
17.1575	4308	5070
17.1722	4307	5068
17.1868	4305	5065
17.2015	4302	5063
17.2161	4300	5062
17.2308	4298	5061
17.2454	4296	5060
17.2601	4293	5058
17.2747	4290	5056
17.2894	4287	5052
17.304	4284	5047
17.3187	4281	5041
17.3333	4276	5036
17.348	4271	5029
17.3626	4267	5023
17.3773	4263	5018
17.3919	4259	5013
17.4066	4254	5009
17.4213	4249	5005
17.4359	4245	5002
17.4506	4243	5000
17.4652	4240	5001
17.4798	4237	5000
17.4945	4235	4998
17.5092	4232	4996
17.5238	4229	4993
17.5385	4226	4990
17.5531	4224	4987
17.5678	4223	4985
17.5824	4222	4982
17.5971	4222	4977
17.6117	4222	4972
17.6264	4219	4969
17.641	4216	4967
17.6557	4213	4966
17.6703	4209	4965
17.685	4205	4963
17.6996	4202	4959
17.7143	4201	4955
17.7289	4201	4953
17.7436	4198	4950
17.7582	4196	4948
17.7729	4194	4945
17.7876	4191	4940
17.8022	4188	4933
17.8168	4185	4926
17.8315	4181	4922
17.8462	4178	4918
17.8608	4176	4916
17.8755	4174	4914
17.8901	4173	4913
17.9048	4171	4911
17.9194	4170	4909
17.9341	4169	4908
17.9487	4167	4905
17.9634	4164	4903
17.978	4160	4900
17.9927	4157	4897
18.0073	4154	4894
18.022	4150	4892
18.0366	4146	4891
18.0513	4143	4887
18.0659	4139	4883
18.0806	4135	4878
18.0952	4131	4874
18.1099	4126	4872
18.1245	4123	4869
18.1392	4119	4868
18.1538	4116	4866
18.1685	4113	4865
18.1832	4110	4863
18.1978	4109	4861
18.2125	4106	4860
18.2271	4102	4857
18.2418	4097	4855
18.2564	4091	4853
18.2711	4087	4852
18.2857	4084	4852
18.3004	4082	4850
18.315	4080	4846
18.3297	4079	4842
18.3443	4076	4837
18.359	4074	4833
18.3736	4071	4830
18.3883	4069	4827
18.4029	4067	4824
18.4176	4064	4819
18.4322	4062	4815
18.4469	4059	4811
18.4615	4057	4808
18.4762	4054	4807
18.4908	4052	4807
18.5055	4050	4806
18.5202	4047	4804
18.5348	4046	4803
18.5495	4044	4803
18.5641	4042	4801
18.5787	4040	4798
18.5934	4038	4795
18.6081	4036	4792
18.6227	4033	4789
18.6374	4030	4787
18.652	4026	4786
18.6667	4024	4784
18.6813	4021	4781
18.696	4019	4779
18.7106	4017	4776
18.7253	4014	4774
18.7399	4013	4770
18.7546	4012	4766
18.7692	4012	4763
18.7839	4011	4759
18.7985	4010	4755
18.8132	4007	4752
18.8278	4002	4749
18.8425	3998	4746
18.8571	3994	4745
18.8718	3991	4745
18.8865	3989	4744
18.9011	3986	4743
18.9157	3982	4741
18.9304	3978	4739
18.945	3974	4738
18.9597	3970	4735
18.9744	3968	4733
18.989	3966	4729
19.0037	3963	4725
19.0183	3959	4722
19.033	3954	4718
19.0476	3950	4715
19.0623	3947	4710
19.0769	3945	4705
19.0916	3943	4700
19.1062	3939	4696
19.1209	3935	4692
19.1355	3930	4688
19.1502	3927	4687
19.1648	3926	4685
19.1795	3925	4685
19.1941	3925	4684
19.2088	3925	4683
19.2234	3925	4683
19.2381	3924	4683
19.2527	3923	4683
19.2674	3921	4682
19.2821	3917	4680
19.2967	3913	4678
19.3114	3908	4675
19.326	3903	4673
19.3407	3900	4670
19.3553	3897	4666
19.37	3895	4664
19.3846	3894	4661
19.3993	3893	4658
19.4139	3893	4656
19.4286	3894	4653
19.4432	3893	4651
19.4579	3892	4647
19.4725	3890	4644
19.4872	3887	4640
19.5018	3884	4637
19.5165	3880	4635
19.5311	3877	4632
19.5458	3876	4628
19.5604	3875	4624
19.5751	3874	4619
19.5897	3873	4616
19.6044	3872	4612
19.6191	3873	4609
19.6337	3872	4606
19.6484	3871	4603
19.663	3870	4601
19.6777	3868	4597
19.6923	3865	4593
19.707	3862	4590
19.7216	3859	4586
19.7363	3854	4581
19.7509	3848	4576
19.7656	3842	4571
19.7802	3838	4566
19.7949	3834	4561
19.8095	3831	4557
19.8242	3828	4554
19.8388	3825	4552
19.8535	3823	4551
19.8681	3820	4549
19.8828	3818	4549
19.8974	3817	4549
19.9121	3816	4549
19.9267	3815	4549
19.9414	3815	4548
19.956	3814	4545
19.9707	3811	4544
19.9854	3809	4544
20	3807	4542
20.0147	3804	4539
20.0293	3802	4537
20.044	3800	4535
20.0586	3798	4534
20.0733	3796	4533
20.0879	3794	4531
20.1026	3792	4528
20.1172	3791	4525
20.1319	3789	4522
20.1465	3788	4519
20.1612	3786	4517
20.1758	3785	4516
20.1905	3783	4514
20.2051	3782	4512
20.2198	3782	4511
20.2344	3782	4508
20.2491	3781	4506
20.2637	3779	4504
20.2784	3776	4502
20.293	3773	4501
20.3077	3769	4500
20.3223	3766	4496
20.337	3762	4492
20.3516	3758	4488
20.3663	3754	4483
20.3809	3751	4478
20.3956	3748	4474
20.4103	3746	4470
20.4249	3744	4468
20.4396	3742	4466
20.4542	3741	4464
20.4689	3741	4463
20.4835	3743	4461
20.4982	3744	4460
20.5128	3743	4456
20.5275	3742	4452
20.5421	3741	4449
20.5568	3739	4445
20.5714	3738	4442
20.5861	3735	4439
20.6007	3733	4437
20.6154	3730	4436
20.63	3729	4436
20.6447	3726	4436
20.6593	3723	4435
20.674	3721	4434
20.6886	3720	4433
20.7033	3721	4431
20.7179	3721	4429
20.7326	3719	4426
20.7473	3717	4422
20.7619	3716	4419
20.7766	3716	4418
20.7912	3716	4417
20.8059	3716	4416
20.8205	3716	4412
20.8352	3715	4407
20.8498	3713	4404
20.8645	3709	4402
20.8791	3706	4402
20.8938	3703	4401
20.9084	3701	4400
20.9231	3700	4397
20.9377	3699	4393
20.9524	3699	4389
20.967	3697	4385
20.9817	3693	4380
20.9963	3691	4377
21.011	3686	4375
21.0256	3682	4373
21.0403	3679	4372
21.055	3677	4370
21.0696	3674	4368
21.0843	3672	4365
21.0989	3669	4360
21.1136	3666	4357
21.1282	3662	4355
21.1429	3658	4353
21.1575	3656	4351
21.1722	3653	4350
21.1868	3651	4348
21.2015	3648	4347
21.2161	3645	4348
21.2308	3643	4348
21.2454	3642	4349
21.2601	3642	4349
21.2747	3641	4349
21.2894	3641	4350
21.304	3640	4349
21.3187	3638	4347
21.3333	3637	4344
21.348	3637	4340
21.3626	3637	4337
21.3773	3636	4335
21.3919	3635	4332
21.4066	3633	4328
21.4213	3631	4323
21.4359	3629	4319
21.4506	3628	4316
21.4652	3628	4312
21.4798	3627	4308
21.4945	3626	4303
21.5092	3625	4299
21.5238	3624	4295
21.5385	3622	4292
21.5531	3620	4288
21.5678	3619	4286
21.5824	3618	4283
21.5971	3616	4281
21.6117	3615	4278
21.6264	3614	4275
21.641	3614	4273
21.6557	3613	4270
21.6703	3613	4268
21.685	3612	4266
21.6996	3610	4263
21.7143	3607	4261
21.7289	3604	4260
21.7436	3602	4259
21.7582	3600	4258
21.7729	3597	4257
21.7876	3594	4256
21.8022	3592	4255
21.8168	3590	4254
21.8315	3588	4253
21.8462	3584	4252
21.8608	3582	4251
21.8755	3578	4250
21.8901	3573	4248
21.9048	3570	4246
21.9194	3566	4243
21.9341	3564	4243
21.9487	3564	4242
21.9634	3564	4242
21.978	3565	4240
21.9927	3564	4238
22.0073	3562	4234
22.022	3561	4228
22.0366	3560	4225
22.0513	3560	4223
22.0659	3561	4222
22.0806	3562	4221
22.0952	3564	4222
22.1099	3564	4221
22.1245	3562	4219
22.1392	3560	4216
22.1538	3560	4212
22.1685	3561	4208
22.1832	3559	4207
22.1978	3558	4206
22.2125	3555	4206
22.2271	3551	4204
22.2418	3548	4200
22.2564	3546	4197
22.2711	3542	4193
22.2857	3538	4190
22.3004	3532	4188
22.315	3527	4187
22.3297	3521	4185
22.3443	3516	4182
22.359	3512	4179
22.3736	3509	4176
22.3883	3507	4174
22.4029	3505	4171
22.4176	3505	4167
22.4322	3503	4164
22.4469	3503	4162
22.4615	3502	4160
22.4762	3501	4160
22.4908	3501	4160
22.5055	3502	4161
22.5202	3504	4161
22.5348	3503	4161
22.5495	3503	4160
22.5641	3501	4159
22.5787	3497	4158
22.5934	3494	4157
22.6081	3491	4157
22.6227	3488	4157
22.6374	3487	4156
22.652	3486	4155
22.6667	3485	4152
22.6813	3483	4148
22.696	3481	4143
22.7106	3478	4139
22.7253	3476	4134
22.7399	3476	4130
22.7546	3475	4127
22.7692	3474	4123
22.7839	3471	4120
22.7985	3468	4116
22.8132	3464	4110
22.8278	3461	4104
22.8425	3456	4099
22.8571	3453	4094
22.8718	3450	4088
22.8865	3447	4082
22.9011	3446	4078
22.9157	3444	4077
22.9304	3441	4076
22.945	3438	4077
22.9597	3434	4078
22.9744	3430	4079
22.989	3427	4079
23.0037	3424	4080
23.0183	3421	4079
23.033	3418	4078
23.0476	3416	4076
23.0623	3415	4076
23.0769	3416	4076
23.0916	3416	4077
23.1062	3417	4077
23.1209	3417	4076
23.1355	3416	4076
23.1502	3414	4075
23.1648	3412	4074
23.1795	3409	4071
23.1941	3407	4067
23.2088	3405	4063
23.2234	3404	4061
23.2381	3404	4060
23.2527	3403	4058
23.2674	3402	4056
23.2821	3401	4052
23.2967	3399	4048
23.3114	3395	4045
23.326	3393	4043
23.3407	3391	4041
23.3553	3390	4039
23.37	3389	4036
23.3846	3388	4033
23.3993	3386	4030
23.4139	3385	4027
23.4286	3384	4024
23.4432	3382	4022
23.4579	3380	4020
23.4725	3378	4017
23.4872	3375	4016
23.5018	3373	4014
23.5165	3371	4011
23.5311	3370	4009
23.5458	3369	4007
23.5604	3367	4006
23.5751	3365	4005
23.5897	3363	4004
23.6044	3361	4002
23.6191	3359	3999
23.6337	3356	3997
23.6484	3353	3995
23.663	3350	3994
23.6777	3347	3992
23.6923	3346	3991
23.707	3344	3990
23.7216	3342	3989
23.7363	3339	3988
23.7509	3337	3985
23.7656	3336	3983
23.7802	3335	3979
23.7949	3335	3975
23.8095	3334	3972
23.8242	3333	3969
23.8388	3332	3967
23.8535	3330	3966
23.8681	3329	3965
23.8828	3328	3965
23.8974	3328	3966
23.9121	3327	3965
23.9267	3325	3964
23.9414	3323	3963
23.956	3321	3960
23.9707	3320	3957
23.9854	3317	3955
24	3315	3953
24.0147	3315	3952
24.0293	3315	3950
24.044	3316	3949
24.0586	3318	3947
24.0733	3319	3946
24.0879	3318	3943
24.1026	3318	3941
24.1172	3317	3940
24.1319	3317	3937
24.1465	3318	3934
24.1612	3320	3930
24.1758	3321	3925
24.1905	3322	3919
24.2051	3322	3914
24.2198	3323	3910
24.2344	3326	3906
24.2491	3329	3902
24.2637	3332	3900
24.2784	3335	3898
24.293	3337	3896
24.3077	3337	3895
24.3223	3336	3892
24.337	3335	3890
24.3516	3335	3888
24.3663	3336	3886
24.3809	3335	3885
24.3956	3333	3884
24.4103	3331	3883
24.4249	3328	3880
24.4396	3326	3877
24.4542	3325	3875
24.4689	3321	3874
24.4835	3317	3872
24.4982	3312	3870
24.5128	3307	3868
24.5275	3302	3866
24.5421	3298	3864
24.5568	3295	3862
24.5714	3291	3861
24.5861	3289	3858
24.6007	3287	3854
24.6154	3284	3850
24.63	3281	3846
24.6447	3279	3843
24.6593	3278	3840
24.674	3279	3838
24.6886	3279	3837
24.7033	3279	3836
24.7179	3280	3838
24.7326	3280	3840
24.7473	3281	3840
24.7619	3281	3841
24.7766	3280	3840
24.7912	3279	3838
24.8059	3277	3837
24.8205	3274	3835
24.8352	3271	3834
24.8498	3268	3832
24.8645	3267	3830
24.8791	3263	3828
24.8938	3260	3827
24.9084	3256	3824
24.9231	3252	3821
24.9377	3249	3817
24.9524	3247	3812
24.967	3246	3809
24.9817	3244	3805
24.9963	3244	3802
25.011	3243	3800
25.0256	3242	3799
25.0403	3239	3797
25.055	3237	3795
25.0696	3233	3793
25.0843	3230	3790
25.0989	3226	3789
25.1136	3224	3788
25.1282	3222	3786
25.1429	3220	3783
25.1575	3217	3780
25.1722	3216	3777
25.1868	3216	3776
25.2015	3217	3775
25.2161	3217	3775
25.2308	3216	3775
25.2454	3215	3775
25.2601	3213	3774
25.2747	3210	3774
25.2894	3207	3774
25.304	3205	3773
25.3187	3203	3772
25.3333	3200	3771
25.348	3196	3770
25.3626	3193	3769
25.3773	3190	3767
25.3919	3187	3765
25.4066	3186	3763
25.4213	3183	3761
25.4359	3179	3758
25.4506	3176	3756
25.4652	3173	3754
25.4798	3171	3753
25.4945	3171	3753
25.5092	3171	3751
25.5238	3172	3749
25.5385	3172	3748
25.5531	3171	3745
25.5678	3170	3742
25.5824	3168	3741
25.5971	3166	3738
25.6117	3163	3737
25.6264	3161	3737
25.641	3159	3737
25.6557	3158	3734
25.6703	3158	3732
25.685	3158	3731
25.6996	3157	3729
25.7143	3158	3727
25.7289	3159	3724
25.7436	3160	3721
25.7582	3160	3718
25.7729	3160	3715
25.7876	3160	3713
25.8022	3161	3709
25.8168	3161	3705
25.8315	3160	3701
25.8462	3160	3698
25.8608	3160	3697
25.8755	3159	3695
25.8901	3157	3695
25.9048	3154	3695
25.9194	3153	3695
25.9341	3152	3695
25.9487	3150	3696
25.9634	3149	3695
25.978	3148	3696
25.9927	3148	3695
26.0073	3147	3692
26.022	3146	3688
26.0366	3145	3685
26.0513	3143	3683
26.0659	3142	3682
26.0806	3142	3681
26.0952	3141	3679
26.1099	3140	3676
26.1245	3139	3672
26.1392	3137	3669
26.1538	3135	3667
26.1685	3134	3667
26.1832	3134	3667
26.1978	3134	3668
26.2125	3133	3668
26.2271	3132	3668
26.2418	3130	3666
26.2564	3127	3665
26.2711	3123	3664
26.2857	3119	3665
26.3004	3115	3665
26.315	3110	3665
26.3297	3107	3664
26.3443	3104	3662
26.359	3103	3659
26.3736	3104	3655
26.3883	3105	3653
26.4029	3106	3650
26.4176	3107	3647
26.4322	3107	3643
26.4469	3107	3639
26.4615	3105	3636
26.4762	3104	3631
26.4908	3102	3627
26.5055	3100	3623
26.5202	3099	3620
26.5348	3099	3617
26.5495	3097	3613
26.5641	3097	3608
26.5787	3098	3604
26.5934	3098	3601
26.6081	3099	3601
26.6227	3100	3600
26.6374	3102	3600
26.652	3103	3598
26.6667	3104	3596
26.6813	3105	3593
26.696	3105	3590
26.7106	3105	3588
26.7253	3107	3587
26.7399	3108	3586
26.7546	3108	3586
26.7692	3108	3584
26.7839	3107	3582
26.7985	3107	3581
26.8132	3105	3578
26.8278	3101	3574
26.8425	3098	3570
26.8571	3096	3567
26.8718	3094	3566
26.8865	3092	3566
26.9011	3092	3565
26.9157	3092	3565
26.9304	3089	3564
26.945	3085	3564
26.9597	3079	3563
26.9744	3073	3561
26.989	3069	3558
27.0037	3066	3556
27.0183	3064	3556
27.033	3061	3555
27.0476	3057	3553
27.0623	3053	3550
27.0769	3050	3549
27.0916	3045	3549
27.1062	3040	3548
27.1209	3036	3546
27.1355	3032	3544
27.1502	3028	3543
27.1648	3025	3540
27.1795	3022	3537
27.1941	3020	3535
27.2088	3018	3533
27.2234	3017	3532
27.2381	3017	3528
27.2527	3016	3524
27.2674	3016	3520
27.2821	3015	3517
27.2967	3015	3514
27.3114	3015	3512
27.326	3016	3509
27.3407	3015	3506
27.3553	3015	3505
27.37	3014	3505
27.3846	3013	3502
27.3993	3010	3500
27.4139	3008	3498
27.4286	3007	3496
27.4432	3005	3494
27.4579	3004	3492
27.4725	3003	3489
27.4872	3003	3488
27.5018	3002	3488
27.5165	3000	3488
27.5311	3001	3489
27.5458	3001	3489
27.5604	3000	3491
27.5751	2998	3494
27.5897	2996	3496
27.6044	2993	3495
27.6191	2991	3494
27.6337	2989	3493
27.6484	2987	3492
27.663	2986	3491
27.6777	2983	3490
27.6923	2981	3489
27.707	2977	3487
27.7216	2974	3484
27.7363	2973	3479
27.7509	2971	3475
27.7656	2969	3471
27.7802	2968	3468
27.7949	2968	3465
27.8095	2968	3463
27.8242	2968	3463
27.8388	2969	3462
27.8535	2971	3461
27.8681	2973	3459
27.8828	2975	3458
27.8974	2977	3456
27.9121	2977	3453
27.9267	2976	3451
27.9414	2974	3449
27.956	2971	3446
27.9707	2968	3443
27.9854	2965	3441
28	2962	3439
28.0147	2960	3436
28.0293	2959	3432
28.044	2958	3429
28.0586	2958	3426
28.0733	2958	3423
28.0879	2959	3421
28.1026	2960	3419
28.1172	2958	3418
28.1319	2956	3417
28.1465	2953	3415
28.1612	2949	3414
28.1758	2947	3413
28.1905	2944	3411
28.2051	2942	3407
28.2198	2941	3405
28.2344	2938	3404
28.2491	2937	3404
28.2637	2936	3404
28.2784	2936	3404
28.293	2933	3403
28.3077	2931	3401
28.3223	2930	3399
28.337	2927	3398
28.3516	2924	3398
28.3663	2922	3398
28.3809	2920	3397
28.3956	2919	3395
28.4103	2918	3392
28.4249	2918	3391
28.4396	2917	3390
28.4542	2917	3389
28.4689	2917	3387
28.4835	2918	3384
28.4982	2919	3381
28.5128	2920	3377
28.5275	2920	3374
28.5421	2921	3373
28.5568	2922	3372
28.5714	2922	3370
28.5861	2922	3367
28.6007	2921	3366
28.6154	2920	3365
28.63	2918	3363
28.6447	2916	3359
28.6593	2914	3357
28.674	2912	3355
28.6886	2910	3354
28.7033	2909	3351
28.7179	2908	3347
28.7326	2907	3343
28.7473	2906	3341
28.7619	2905	3339
28.7766	2904	3338
28.7912	2904	3338
28.8059	2903	3337
28.8205	2903	3338
28.8352	2903	3338
28.8498	2903	3338
28.8645	2903	3337
28.8791	2901	3336
28.8938	2902	3334
28.9084	2901	3333
28.9231	2900	3333
28.9377	2899	3333
28.9524	2897	3333
28.967	2896	3334
28.9817	2895	3332
28.9963	2893	3329
29.011	2890	3324
29.0256	2889	3320
29.0403	2886	3317
29.055	2884	3317
29.0696	2884	3316
29.0843	2884	3315
29.0989	2886	3314
29.1136	2889	3313
29.1282	2892	3313
29.1429	2895	3312
29.1575	2897	3310
29.1722	2898	3307
29.1868	2899	3303
29.2015	2901	3301
29.2161	2902	3300
29.2308	2905	3298
29.2454	2905	3297
29.2601	2906	3296
29.2747	2905	3295
29.2894	2904	3292
29.304	2902	3290
29.3187	2898	3288
29.3333	2894	3287
29.348	2890	3286
29.3626	2886	3283
29.3773	2883	3280
29.3919	2880	3278
29.4066	2879	3278
29.4213	2878	3277
29.4359	2876	3276
29.4506	2872	3277
29.4652	2869	3278
29.4798	2867	3278
29.4945	2864	3277
29.5092	2861	3276
29.5238	2859	3274
29.5385	2858	3271
29.5531	2858	3269
29.5678	2858	3267
29.5824	2859	3266
29.5971	2859	3266
29.6117	2859	3265
29.6264	2860	3264
29.641	2861	3261
29.6557	2863	3258
29.6703	2864	3254
29.685	2863	3249
29.6996	2860	3247
29.7143	2858	3244
29.7289	2856	3241
29.7436	2855	3237
29.7582	2854	3233
29.7729	2854	3230
29.7876	2854	3229
29.8022	2853	3229
29.8168	2851	3229
29.8315	2849	3229
29.8462	2847	3229
29.8608	2844	3228
29.8755	2842	3227
29.8901	2840	3225
29.9048	2839	3223
29.9194	2836	3223
29.9341	2833	3222
29.9487	2830	3221
29.9634	2828	3221
29.978	2825	3219
29.9927	2823	3219
30.0073	2821	3218
30.022	2821	3217
30.0366	2820	3215
30.0513	2819	3214
30.0659	2819	3212
30.0806	2819	3211
30.0952	2819	3210
30.1099	2818	3209
30.1245	2818	3209
30.1392	2818	3207
30.1538	2820	3206
30.1685	2822	3203
30.1832	2822	3201
30.1978	2822	3198
30.2125	2821	3195
30.2271	2820	3193
30.2418	2820	3191
30.2564	2820	3188
30.2711	2820	3185
30.2857	2819	3183
30.3004	2818	3181
30.315	2818	3180
30.3297	2817	3179
30.3443	2816	3178
30.359	2814	3178
30.3736	2811	3179
30.3883	2808	3181
30.4029	2804	3183
30.4176	2802	3184
30.4322	2800	3183
30.4469	2798	3182
30.4615	2796	3181
30.4762	2796	3181
30.4908	2795	3180
30.5055	2796	3180
30.5202	2797	3179
30.5348	2799	3176
30.5495	2799	3173
30.5641	2798	3170
30.5787	2797	3168
30.5934	2795	3165
30.6081	2793	3163
30.6227	2789	3161
30.6374	2785	3161
30.652	2782	3160
30.6667	2779	3159
30.6813	2777	3157
30.696	2774	3156
30.7106	2770	3156
30.7253	2767	3155
30.7399	2765	3154
30.7546	2763	3153
30.7692	2762	3152
30.7839	2762	3151
30.7985	2762	3151
30.8132	2761	3151
30.8278	2759	3151
30.8425	2759	3151
30.8571	2759	3152
30.8718	2760	3152
30.8865	2762	3151
30.9011	2763	3148
30.9157	2765	3146
30.9304	2767	3145
30.945	2767	3143
30.9597	2769	3142
30.9744	2769	3141
30.989	2769	3138
31.0037	2769	3135
31.0183	2769	3131
31.033	2769	3128
31.0476	2769	3125
31.0623	2769	3122
31.0769	2770	3119
31.0916	2769	3115
31.1062	2769	3113
31.1209	2769	3111
31.1355	2768	3109
31.1502	2768	3108
31.1648	2766	3106
31.1795	2765	3104
31.1941	2764	3102
31.2088	2763	3101
31.2234	2763	3102
31.2381	2762	3102
31.2527	2762	3102
31.2674	2760	3100
31.2821	2758	3098
31.2967	2757	3097
31.3114	2759	3096
31.326	2761	3093
31.3407	2761	3090
31.3553	2758	3087
31.37	2756	3084
31.3846	2753	3081
31.3993	2750	3079
31.4139	2746	3076
31.4286	2745	3073
31.4432	2745	3071
31.4579	2745	3068
31.4725	2745	3065
31.4872	2744	3062
31.5018	2743	3061
31.5165	2741	3062
31.5311	2739	3062
31.5458	2739	3063
31.5604	2738	3063
31.5751	2738	3065
31.5897	2738	3065
31.6044	2738	3064
31.6191	2736	3063
31.6337	2734	3063
31.6484	2733	3063
31.663	2731	3063
31.6777	2728	3061
31.6923	2725	3061
31.707	2723	3059
31.7216	2721	3056
31.7363	2721	3053
31.7509	2721	3052
31.7656	2722	3050
31.7802	2722	3047
31.7949	2722	3045
31.8095	2721	3044
31.8242	2722	3042
31.8388	2723	3039
31.8535	2722	3035
31.8681	2721	3032
31.8828	2721	3029
31.8974	2720	3027
31.9121	2719	3025
31.9267	2718	3023
31.9414	2717	3022
31.956	2716	3020
31.9707	2714	3019
31.9854	2712	3019
32	2710	3019
32.0147	2708	3018
32.0293	2709	3017
32.044	2710	3016
32.0586	2713	3016
32.0733	2713	3018
32.0879	2712	3019
32.1026	2708	3019
32.1172	2705	3020
32.1319	2702	3020
32.1465	2700	3020
32.1612	2698	3019
32.1758	2695	3015
32.1905	2692	3009
32.2051	2689	3005
32.2198	2687	3001
32.2344	2687	2999
32.2491	2687	2997
32.2637	2687	2995
32.2784	2688	2992
32.293	2688	2990
32.3077	2687	2989
32.3223	2686	2989
32.337	2686	2990
32.3516	2685	2990
32.3663	2684	2990
32.3809	2682	2992
32.3956	2681	2995
32.4103	2680	2996
32.4249	2679	2996
32.4396	2677	2994
32.4542	2677	2993
32.4689	2676	2991
32.4835	2676	2989
32.4982	2676	2988
32.5128	2679	2986
32.5275	2680	2984
32.5421	2680	2984
32.5568	2681	2984
32.5714	2680	2983
32.5861	2680	2981
32.6007	2680	2979
32.6154	2679	2977
32.63	2677	2976
32.6447	2675	2974
32.6593	2673	2973
32.674	2672	2972
32.6886	2670	2971
32.7033	2668	2969
32.718	2667	2968
32.7326	2667	2966
32.7473	2666	2963
32.7619	2665	2960
32.7766	2665	2958
32.7912	2665	2956
32.8059	2664	2955
32.8205	2664	2955
32.8352	2666	2956
32.8498	2669	2956
32.8645	2671	2955
32.8791	2672	2953
32.8938	2672	2951
32.9084	2673	2948
32.9231	2673	2945
32.9377	2672	2943
32.9524	2671	2941
32.967	2671	2940
32.9817	2670	2938
32.9963	2669	2936
33.011	2670	2935
33.0256	2672	2934
33.0403	2672	2933
33.0549	2670	2932
33.0696	2666	2930
33.0842	2662	2927
33.0989	2658	2926
33.1135	2655	2924
33.1282	2651	2923
33.1429	2648	2923
33.1575	2644	2921
33.1722	2642	2918
33.1868	2640	2915
33.2015	2639	2913
33.2161	2639	2910
33.2308	2640	2909
33.2454	2642	2909
33.2601	2642	2909
33.2747	2642	2908
33.2894	2641	2909
33.304	2641	2909
33.3187	2639	2908
33.3333	2638	2908
33.348	2637	2907
33.3626	2635	2905
33.3773	2633	2904
33.3919	2632	2905
33.4066	2630	2905
33.4213	2628	2905
33.4359	2627	2904
33.4506	2626	2903
33.4652	2625	2900
33.4798	2625	2898
33.4945	2624	2897
33.5092	2624	2893
33.5238	2624	2889
33.5385	2626	2887
33.5531	2627	2885
33.5678	2628	2884
33.5824	2628	2883
33.5971	2628	2882
33.6117	2626	2880
33.6264	2624	2878
33.641	2623	2876
33.6557	2620	2873
33.6703	2618	2872
33.685	2616	2871
33.6996	2615	2869
33.7143	2614	2868
33.7289	2615	2866
33.7436	2617	2864
33.7582	2618	2862
33.7729	2618	2860
33.7876	2616	2859
33.8022	2614	2856
33.8169	2613	2854
33.8315	2613	2852
33.8462	2613	2852
33.8608	2613	2852
33.8755	2612	2853
33.8901	2612	2853
33.9048	2611	2852
33.9194	2610	2852
33.9341	2609	2852
33.9487	2608	2853
33.9634	2607	2854
33.978	2605	2853
33.9927	2604	2853
34.0073	2603	2853
34.022	2601	2853
34.0366	2600	2853
34.0513	2599	2851
34.0659	2597	2850
34.0806	2596	2848
34.0952	2594	2845
34.1099	2592	2843
34.1245	2592	2840
34.1392	2593	2837
34.1538	2593	2834
34.1685	2593	2829
34.1831	2593	2827
34.1978	2594	2825
34.2124	2594	2822
34.2271	2593	2819
34.2418	2592	2816
34.2564	2590	2813
34.2711	2588	2813
34.2857	2587	2812
34.3004	2585	2812
34.315	2585	2811
34.3297	2586	2811
34.3443	2586	2811
34.359	2586	2810
34.3736	2586	2810
34.3883	2585	2811
34.4029	2586	2811
34.4176	2589	2809
34.4322	2592	2806
34.4469	2595	2804
34.4615	2597	2802
34.4762	2599	2800
34.4908	2600	2797
34.5055	2600	2794
34.5202	2599	2790
34.5348	2597	2787
34.5495	2595	2785
34.5641	2592	2782
34.5787	2590	2781
34.5934	2588	2779
34.6081	2586	2779
34.6227	2586	2777
34.6374	2586	2775
34.652	2585	2772
34.6667	2584	2768
34.6813	2582	2765
34.696	2579	2761
34.7106	2576	2759
34.7253	2576	2758
34.7399	2576	2758
34.7546	2575	2759
34.7692	2573	2760
34.7839	2571	2761
34.7985	2570	2762
34.8132	2569	2762
34.8278	2570	2763
34.8425	2570	2764
34.8571	2572	2762
34.8718	2574	2760
34.8864	2576	2757
34.9011	2577	2754
34.9158	2577	2751
34.9304	2577	2747
34.9451	2577	2742
34.9597	2577	2738
34.9744	2575	2736
34.989	2574	2732
35.0037	2574	2727
35.0183	2573	2724
35.033	2572	2721
35.0476	2570	2718
35.0623	2570	2715
35.0769	2569	2713
35.0916	2566	2712
35.1062	2563	2711
35.1209	2562	2711
35.1355	2563	2711
35.1502	2564	2712
35.1648	2563	2713
35.1795	2561	2713
35.1941	2561	2714
35.2088	2561	2714
35.2234	2559	2714
35.2381	2558	2714
35.2527	2555	2714
35.2674	2551	2715
35.282	2548	2715
35.2967	2547	2714
35.3114	2545	2712
35.326	2542	2709
35.3407	2539	2707
35.3553	2537	2704
35.37	2535	2702
35.3846	2533	2700
35.3993	2529	2699
35.4139	2526	2698
35.4286	2525	2696
35.4432	2525	2695
35.4579	2525	2694
35.4725	2524	2693
35.4872	2522	2692
35.5018	2519	2691
35.5165	2518	2690
35.5311	2518	2689
35.5458	2519	2688
35.5604	2522	2688
35.5751	2525	2689
35.5897	2526	2690
35.6044	2527	2690
35.6191	2527	2692
35.6337	2528	2692
35.6484	2528	2691
35.663	2527	2690
35.6777	2525	2689
35.6923	2524	2688
35.707	2524	2687
35.7216	2524	2686
35.7363	2522	2685
35.7509	2521	2683
35.7656	2522	2680
35.7802	2522	2677
35.7949	2524	2674
35.8095	2525	2670
35.8242	2525	2665
35.8388	2523	2662
35.8535	2521	2659
35.8681	2521	2657
35.8828	2520	2658
35.8974	2520	2657
35.9121	2520	2656
35.9267	2519	2656
35.9414	2519	2656
35.956	2522	2655
35.9707	2523	2656
35.9853	2524	2655
36	2523	2655
36.0147	2522	2656
36.0293	2522	2658
36.044	2520	2659
36.0586	2517	2659
36.0733	2515	2660
36.0879	2513	2661
36.1026	2511	2661
36.1172	2510	2660
36.1319	2511	2659
36.1465	2511	2658
36.1612	2510	2657
36.1758	2507	2655
36.1905	2504	2651
36.2051	2501	2648
36.2198	2500	2644
36.2344	2498	2641
36.2491	2497	2637
36.2637	2496	2634
36.2784	2495	2631
36.293	2494	2629
36.3077	2492	2625
36.3223	2491	2622
36.337	2492	2619
36.3516	2494	2617
36.3663	2496	2615
36.3809	2497	2613
36.3956	2496	2611
36.4103	2495	2609
36.4249	2494	2608
36.4396	2492	2609
36.4542	2490	2609
36.4689	2490	2610
36.4835	2490	2611
36.4982	2490	2612
36.5128	2489	2611
36.5275	2487	2610
36.5421	2486	2609
36.5568	2486	2608
36.5714	2486	2606
36.5861	2485	2606
36.6007	2484	2606
36.6154	2484	2607
36.63	2484	2608
36.6447	2485	2607
36.6593	2485	2606
36.674	2484	2605
36.6886	2484	2603
36.7033	2483	2603
36.718	2482	2602
36.7326	2483	2602
36.7473	2485	2600
36.7619	2488	2599
36.7766	2491	2597
36.7912	2493	2597
36.8059	2494	2597
36.8205	2496	2596
36.8352	2497	2596
36.8498	2498	2596
36.8645	2498	2596
36.8791	2495	2596
36.8938	2493	2593
36.9084	2491	2591
36.9231	2489	2589
36.9377	2487	2588
36.9524	2487	2588
36.967	2486	2588
36.9817	2485	2589
36.9963	2484	2591
37.011	2482	2593
37.0256	2479	2597
37.0403	2478	2600
37.0549	2476	2600
37.0696	2474	2599
37.0842	2471	2600
37.0989	2468	2603
37.1135	2466	2605
37.1282	2463	2605
37.1429	2462	2606
37.1575	2460	2604
37.1722	2459	2601
37.1868	2456	2597
37.2015	2455	2593
37.2161	2454	2588
37.2308	2455	2582
37.2454	2455	2578
37.2601	2454	2573
37.2747	2452	2570
37.2894	2450	2567
37.304	2451	2563
37.3187	2453	2561
37.3333	2453	2559
37.348	2453	2558
37.3626	2452	2557
37.3773	2451	2555
37.3919	2449	2554
37.4066	2447	2552
37.4213	2446	2551
37.4359	2446	2552
37.4506	2445	2552
37.4652	2444	2551
37.4798	2444	2546
37.4945	2443	2542
37.5092	2442	2539
37.5238	2440	2537
37.5385	2439	2535
37.5531	2438	2533
37.5678	2436	2530
37.5824	2435	2527
37.5971	2434	2527
37.6117	2433	2528
37.6264	2434	2529
37.641	2435	2529
37.6557	2437	2529
37.6703	2438	2529
37.685	2440	2529
37.6996	2441	2529
37.7143	2442	2529
37.7289	2443	2529
37.7436	2445	2528
37.7582	2446	2529
37.7729	2447	2529
37.7876	2449	2526
37.8022	2449	2524
37.8169	2448	2521
37.8315	2447	2519
37.8462	2446	2516
37.8608	2447	2514
37.8755	2447	2511
37.8901	2447	2508
37.9048	2448	2506
37.9194	2450	2504
37.9341	2451	2501
37.9487	2450	2499
37.9634	2449	2499
37.978	2447	2500
37.9927	2445	2500
38.0073	2442	2500
38.022	2439	2500
38.0366	2435	2499
38.0513	2431	2496
38.0659	2429	2492
38.0806	2429	2489
38.0952	2430	2486
38.1099	2431	2484
38.1245	2430	2482
38.1392	2427	2482
38.1538	2424	2482
38.1685	2422	2481
38.1831	2421	2480
38.1978	2421	2477
38.2124	2420	2473
38.2271	2420	2469
38.2418	2420	2465
38.2564	2418	2461
38.2711	2416	2458
38.2857	2413	2456
38.3004	2410	2454
38.315	2409	2451
38.3297	2407	2448
38.3443	2406	2447
38.359	2405	2449
38.3736	2404	2452
38.3883	2404	2455
38.4029	2404	2454
38.4176	2404	2455
38.4322	2403	2454
38.4469	2402	2453
38.4615	2402	2453
38.4762	2401	2453
38.4908	2399	2451
38.5055	2396	2450
38.5202	2395	2449
38.5348	2395	2447
38.5495	2395	2446
38.5641	2396	2445
38.5787	2397	2443
38.5934	2398	2443
38.6081	2397	2441
38.6227	2398	2439
38.6374	2398	2438
38.652	2398	2436
38.6667	2398	2435
38.6813	2398	2434
38.696	2398	2432
38.7106	2399	2431
38.7253	2400	2430
38.7399	2401	2429
38.7546	2402	2430
38.7692	2402	2431
38.7839	2402	2431
38.7985	2403	2433
38.8132	2403	2435
38.8278	2403	2434
38.8425	2403	2435
38.8571	2404	2435
38.8718	2404	2435
38.8864	2404	2432
38.9011	2403	2429
38.9158	2402	2426
38.9304	2400	2424
38.9451	2397	2423
38.9597	2396	2422
38.9744	2394	2420
38.989	2390	2417
39.0037	2386	2416
39.0183	2383	2416
39.033	2381	2416
39.0476	2380	2415
39.0623	2380	2414
39.0769	2378	2415
39.0916	2376	2413
39.1062	2375	2411
39.1209	2374	2408
39.1355	2373	2405
39.1502	2372	2404
39.1648	2372	2402
39.1795	2372	2402
39.1941	2372	2401
39.2088	2373	2400
39.2234	2373	2399
39.2381	2372	2397
39.2527	2370	2395
39.2674	2369	2394
39.282	2368	2394
39.2967	2367	2394
39.3114	2366	2395
39.326	2365	2397
39.3407	2363	2399
39.3553	2363	2399
39.37	2361	2398
39.3846	2358	2396
39.3993	2356	2395
39.4139	2355	2393
39.4286	2354	2391
39.4432	2352	2388
39.4579	2352	2385
39.4725	2351	2383
39.4872	2351	2380
39.5018	2348	2377
39.5165	2346	2376
39.5311	2344	2374
39.5458	2344	2372
39.5604	2346	2370
39.5751	2349	2368
39.5897	2351	2368
39.6044	2353	2367
39.6191	2355	2367
39.6337	2357	2368
39.6484	2359	2368
39.663	2360	2369
39.6777	2361	2372
39.6923	2362	2373
39.707	2363	2374
39.7216	2364	2373
39.7363	2364	2373
39.7509	2364	2374
39.7656	2363	2373
39.7802	2363	2372
39.7949	2364	2371
39.8095	2365	2368
39.8242	2365	2365
39.8388	2363	2363
39.8535	2360	2361
39.8681	2355	2359
39.8828	2351	2359
39.8974	2347	2359
39.9121	2345	2358
39.9267	2344	2357
39.9414	2345	2354
39.956	2345	2352
39.9707	2346	2351
39.9853	2347	2350
40	2346	2349
40.0147	2345	2349
40.0293	2345	2348
40.044	2345	2346
40.0586	2345	2344
40.0733	2345	2342
40.0879	2343	2340
40.1026	2342	2339
40.1172	2339	2339
40.1319	2338	2337
40.1465	2336	2336
40.1612	2335	2334
40.1758	2334	2333
40.1905	2333	2332
40.2051	2333	2331
40.2198	2333	2329
40.2344	2333	2328
40.2491	2333	2327
40.2637	2333	2327
40.2784	2332	2326
40.293	2331	2325
40.3077	2329	2324
40.3223	2328	2324
40.337	2326	2323
40.3516	2325	2323
40.3663	2324	2323
40.3809	2324	2324
40.3956	2324	2325
40.4103	2325	2326
40.4249	2326	2324
40.4396	2327	2320
40.4542	2327	2316
40.4689	2327	2314
40.4835	2326	2311
40.4982	2324	2309
40.5128	2323	2306
40.5275	2323	2303
40.5421	2324	2301
40.5568	2325	2298
40.5714	2326	2295
40.5861	2327	2294
40.6007	2327	2292
40.6154	2328	2291
40.63	2328	2289
40.6447	2328	2289
40.6593	2327	2290
40.674	2326	2291
40.6886	2325	2292
40.7033	2325	2293
40.718	2325	2293
40.7326	2325	2292
40.7473	2325	2290
40.7619	2325	2290
40.7766	2325	2291
40.7912	2323	2291
40.8059	2321	2291
40.8205	2318	2290
40.8352	2317	2290
40.8498	2315	2289
40.8645	2314	2287
40.8791	2312	2285
40.8938	2312	2282
40.9084	2312	2280
40.9231	2311	2278
40.9377	2311	2276
40.9524	2311	2274
40.967	2313	2272
40.9817	2314	2270
40.9963	2317	2268
41.011	2320	2266
41.0256	2320	2265
41.0403	2321	2265
41.0549	2324	2266
41.0696	2326	2267
41.0842	2326	2266
41.0989	2326	2265
41.1135	2326	2264
41.1282	2325	2263
41.1429	2323	2262
41.1575	2321	2259
41.1722	2318	2257
41.1868	2315	2257
41.2015	2312	2257
41.2161	2310	2257
41.2308	2308	2256
41.2454	2307	2255
41.2601	2308	2255
41.2747	2308	2254
41.2894	2308	2253
41.304	2308	2253
41.3187	2308	2252
41.3333	2306	2251
41.348	2303	2248
41.3626	2302	2245
41.3773	2302	2242
41.3919	2300	2239
41.4066	2299	2236
41.4213	2300	2233
41.4359	2300	2233
41.4506	2301	2233
41.4652	2301	2232
41.4798	2300	2231
41.4945	2299	2232
41.5092	2297	2233
41.5238	2296	2237
41.5385	2294	2240
41.5531	2291	2244
41.5678	2288	2247
41.5824	2287	2248
41.5971	2286	2248
41.6117	2286	2247
41.6264	2285	2245
41.641	2285	2243
41.6557	2285	2241
41.6703	2284	2240
41.685	2284	2238
41.6996	2283	2236
41.7143	2283	2234
41.7289	2282	2232
41.7436	2281	2231
41.7582	2281	2230
41.7729	2279	2230
41.7876	2278	2230
41.8022	2275	2230
41.8169	2274	2230
41.8315	2273	2229
41.8462	2272	2227
41.8608	2272	2226
41.8755	2273	2225
41.8901	2275	2225
41.9048	2277	2227
41.9194	2278	2228
41.9341	2278	2228
41.9487	2278	2226
41.9634	2277	2222
41.978	2278	2219
41.9927	2279	2217
42.0073	2280	2216
42.022	2280	2216
42.0366	2280	2216
42.0513	2281	2217
42.0659	2282	2219
42.0806	2282	2220
42.0952	2283	2220
42.1099	2284	2219
42.1245	2284	2216
42.1392	2284	2213
42.1538	2284	2210
42.1685	2284	2208
42.1831	2284	2206
42.1978	2283	2203
42.2124	2283	2201
42.2271	2281	2199
42.2418	2281	2196
42.2564	2280	2193
42.2711	2279	2191
42.2857	2280	2190
42.3004	2281	2188
42.315	2281	2187
42.3297	2281	2187
42.3443	2280	2186
42.359	2280	2185
42.3736	2280	2183
42.3883	2280	2182
42.4029	2280	2181
42.4176	2280	2180
42.4322	2280	2178
42.4469	2279	2175
42.4615	2278	2173
42.4762	2277	2172
42.4908	2275	2172
42.5055	2273	2171
42.5202	2270	2170
42.5348	2267	2168
42.5495	2265	2167
42.5641	2265	2166
42.5787	2265	2168
42.5934	2265	2169
42.6081	2264	2170
42.6227	2263	2170
42.6374	2262	2169
42.652	2262	2168
42.6667	2262	2167
42.6813	2262	2163
42.696	2262	2161
42.7106	2263	2159
42.7253	2265	2158
42.7399	2267	2155
42.7546	2269	2154
42.7692	2269	2153
42.7839	2270	2153
42.7985	2270	2153
42.8132	2271	2153
42.8278	2270	2154
42.8425	2269	2157
42.8571	2268	2160
42.8718	2266	2162
42.8864	2264	2164
42.9011	2261	2165
42.9158	2258	2165
42.9304	2255	2164
42.9451	2252	2162
42.9597	2251	2160
42.9744	2251	2157
42.989	2251	2153
43.0037	2250	2149
43.0183	2248	2145
43.033	2247	2141
43.0476	2246	2139
43.0623	2245	2138
43.0769	2244	2137
43.0916	2244	2136
43.1062	2244	2136
43.1209	2244	2134
43.1355	2244	2133
43.1502	2243	2132
43.1648	2244	2132
43.1795	2245	2132
43.1941	2244	2132
43.2088	2244	2132
43.2234	2244	2130
43.2381	2242	2128
43.2527	2240	2127
43.2674	2238	2127
43.282	2238	2126
43.2967	2238	2124
43.3114	2239	2121
43.326	2241	2118
43.3407	2244	2115
43.3553	2246	2113
43.37	2248	2112
43.3846	2247	2113
43.3993	2247	2114
43.4139	2247	2113
43.4286	2247	2112
43.4432	2245	2110
43.4579	2244	2107
43.4725	2244	2105
43.4872	2244	2103
43.5018	2244	2102
43.5165	2243	2101
43.5311	2243	2100
43.5458	2241	2100
43.5604	2238	2102
43.5751	2233	2104
43.5897	2228	2103
43.6044	2223	2100
43.6191	2220	2099
43.6337	2219	2098
43.6484	2218	2098
43.663	2218	2097
43.6777	2219	2097
43.6923	2220	2098
43.707	2220	2099
43.7216	2221	2100
43.7363	2221	2100
43.7509	2222	2100
43.7656	2223	2099
43.7802	2223	2097
43.7949	2224	2097
43.8095	2226	2097
43.8242	2229	2097
43.8388	2231	2097
43.8535	2231	2096
43.8681	2232	2094
43.8828	2231	2094
43.8974	2229	2094
43.9121	2227	2095
43.9267	2224	2096
43.9414	2223	2096
43.956	2220	2096
43.9707	2217	2097
43.9853	2214	2098
44	2212	2099
44.0147	2209	2099
44.0293	2207	2096
44.044	2205	2094
44.0586	2202	2092
44.0733	2201	2089
44.0879	2200	2086
44.1026	2198	2084
44.1172	2197	2082
44.1319	2197	2081
44.1465	2197	2079
44.1612	2196	2077
44.1758	2194	2074
44.1905	2192	2071
44.2051	2192	2068
44.2198	2193	2066
44.2344	2197	2066
44.2491	2201	2066
44.2637	2204	2067
44.2784	2207	2066
44.293	2207	2066
44.3077	2208	2066
44.3223	2208	2067
44.337	2208	2068
44.3516	2206	2069
44.3663	2205	2069
44.3809	2203	2070
44.3956	2203	2071
44.4103	2202	2069
44.4249	2202	2065
44.4396	2202	2062
44.4542	2202	2058
44.4689	2203	2055
44.4835	2204	2053
44.4982	2205	2051
44.5128	2206	2050
44.5275	2206	2048
44.5421	2205	2047
44.5568	2203	2046
44.5714	2202	2046
44.5861	2202	2046
44.6007	2201	2047
44.6154	2200	2048
44.63	2198	2049
44.6447	2197	2050
44.6593	2195	2048
44.674	2193	2047
44.6886	2191	2044
44.7033	2191	2041
44.718	2191	2038
44.7326	2192	2036
44.7473	2192	2032
44.7619	2192	2029
44.7766	2192	2026
44.7912	2192	2024
44.8059	2192	2022
44.8205	2193	2020
44.8352	2195	2018
44.8498	2196	2016
44.8645	2196	2013
44.8791	2196	2010
44.8938	2194	2007
44.9084	2192	2003
44.9231	2190	2001
44.9377	2189	2000
44.9524	2188	1999
44.967	2186	2000
44.9817	2184	2001
44.9963	2182	2001
45.011	2181	2001
45.0256	2179	2000
45.0403	2178	1999
45.0549	2176	1999
45.0696	2174	2000
45.0842	2173	2000
45.0989	2171	2000
45.1135	2171	2000
45.1282	2172	2000
45.1429	2174	1999
45.1575	2174	1998
45.1722	2174	1996
45.1868	2173	1996
45.2015	2172	1996
45.2161	2172	1995
45.2308	2173	1995
45.2454	2172	1996
45.2601	2171	1997
45.2747	2171	2000
45.2894	2172	2003
45.304	2172	2004
45.3187	2172	2004
45.3333	2172	2003
45.348	2172	2000
45.3626	2171	1999
45.3773	2170	1999
45.3919	2171	1999
45.4066	2172	1999
45.4213	2172	2000
45.4359	2172	2000
45.4506	2171	1999
45.4652	2171	1998
45.4798	2170	1998
45.4945	2169	1998
45.5092	2168	1997
45.5238	2168	1995
45.5385	2167	1992
45.5531	2167	1989
45.5678	2167	1987
45.5824	2167	1986
45.5971	2167	1986
45.6117	2167	1987
45.6264	2167	1987
45.641	2165	1987
45.6557	2163	1986
45.6703	2163	1984
45.685	2163	1982
45.6996	2165	1979
45.7143	2166	1977
45.7289	2167	1977
45.7436	2168	1977
45.7582	2167	1978
45.7729	2165	1979
45.7876	2164	1978
45.8022	2164	1979
45.8169	2164	1979
45.8315	2164	1978
45.8462	2162	1977
45.8608	2160	1976
45.8755	2159	1973
45.8901	2160	1969
45.9048	2161	1965
45.9194	2163	1961
45.9341	2165	1959
45.9487	2167	1956
45.9634	2170	1954
45.978	2172	1953
45.9927	2173	1953
46.0073	2174	1953
46.022	2174	1953
46.0366	2174	1955
46.0513	2173	1955
46.0659	2170	1955
46.0806	2167	1954
46.0952	2164	1954
46.1099	2162	1953
46.1245	2161	1952
46.1392	2160	1951
46.1538	2159	1952
46.1685	2159	1951
46.1831	2160	1949
46.1978	2159	1947
46.2124	2159	1945
46.2271	2158	1943
46.2418	2157	1940
46.2564	2156	1938
46.2711	2156	1938
46.2857	2158	1938
46.3004	2159	1938
46.315	2160	1938
46.3297	2162	1939
46.3443	2162	1939
46.359	2161	1938
46.3736	2159	1936
46.3883	2157	1934
46.4029	2155	1931
46.4176	2154	1928
46.4322	2153	1927
46.4469	2153	1927
46.4615	2153	1928
46.4762	2153	1929
46.4908	2152	1929
46.5055	2152	1929
46.5202	2152	1929
46.5348	2152	1929
46.5495	2153	1928
46.5641	2154	1927
46.5787	2154	1926
46.5934	2153	1925
46.6081	2152	1926
46.6227	2152	1926
46.6374	2153	1925
46.652	2153	1926
46.6667	2152	1926
46.6813	2152	1926
46.696	2152	1926
46.7106	2153	1924
46.7253	2155	1922
46.7399	2156	1922
46.7546	2156	1920
46.7692	2157	1919
46.7839	2158	1919
46.7985	2159	1920
46.8132	2159	1921
46.8278	2158	1922
46.8425	2156	1923
46.8571	2153	1922
46.8718	2150	1921
46.8864	2148	1917
46.9011	2145	1912
46.9158	2144	1908
46.9304	2143	1905
46.9451	2142	1904
46.9597	2142	1904
46.9744	2143	1903
46.989	2144	1902
47.0037	2144	1901
47.0183	2142	1900
47.033	2141	1899
47.0476	2140	1897
47.0623	2139	1897
47.0769	2139	1897
47.0916	2140	1898
47.1062	2141	1899
47.1209	2143	1899
47.1355	2144	1899
47.1502	2145	1898
47.1648	2144	1897
47.1795	2143	1897
47.1941	2143	1898
47.2088	2143	1898
47.2234	2142	1897
47.2381	2143	1896
47.2527	2143	1894
47.2674	2143	1892
47.282	2143	1891
47.2967	2143	1889
47.3114	2143	1887
47.326	2142	1885
47.3407	2140	1884
47.3553	2137	1884
47.37	2135	1883
47.3846	2133	1881
47.3993	2133	1879
47.4139	2135	1876
47.4286	2136	1873
47.4432	2136	1872
47.4579	2135	1871
47.4725	2132	1870
47.4872	2129	1868
47.5018	2124	1866
47.5165	2121	1863
47.5311	2120	1861
47.5458	2119	1859
47.5604	2118	1860
47.5751	2114	1862
47.5897	2112	1864
47.6044	2112	1866
47.6191	2112	1868
47.6337	2112	1868
47.6484	2113	1867
47.663	2113	1865
47.6777	2113	1864
47.6923	2114	1863
47.707	2114	1862
47.7216	2113	1861
47.7363	2113	1861
47.7509	2113	1863
47.7656	2112	1864
47.7802	2110	1865
47.7949	2110	1866
47.8095	2110	1866
47.8242	2109	1865
47.8388	2108	1865
47.8535	2108	1865
47.8681	2108	1864
47.8828	2107	1863
47.8974	2108	1861
47.9121	2111	1860
47.9267	2114	1859
47.9414	2117	1858
47.956	2118	1855
47.9707	2119	1852
47.9853	2121	1850
48	2121	1849
48.0147	2122	1847
48.0293	2121	1846
48.044	2121	1845
48.0586	2120	1842
48.0733	2119	1840
48.0879	2117	1837
48.1026	2115	1836
48.1172	2112	1835
48.1319	2110	1835
48.1465	2110	1833
48.1612	2111	1832
48.1758	2112	1832
48.1905	2112	1831
48.2051	2112	1830
48.2198	2111	1830
48.2344	2112	1830
48.2491	2112	1830
48.2637	2112	1831
48.2784	2110	1833
48.293	2107	1836
48.3077	2104	1838
48.3223	2103	1839
48.337	2102	1839
48.3516	2101	1839
48.3663	2099	1839
48.3809	2099	1839
48.3956	2101	1839
48.4103	2102	1840
48.4249	2105	1841
48.4396	2106	1841
48.4542	2109	1841
48.4689	2112	1841
48.4835	2114	1842
48.4982	2114	1841
48.5128	2114	1839
48.5275	2113	1836
48.5421	2112	1832
48.5568	2111	1828
48.5714	2108	1827
48.5861	2105	1826
48.6007	2104	1825
48.6154	2105	1825
48.63	2105	1823
48.6447	2106	1821
48.6593	2106	1818
48.674	2105	1815
48.6886	2103	1814
48.7033	2101	1814
48.718	2099	1814
48.7326	2097	1815
48.7473	2097	1817
48.7619	2099	1820
48.7766	2101	1823
48.7912	2102	1826
48.8059	2102	1828
48.8205	2102	1828
48.8352	2101	1827
48.8498	2100	1825
48.8645	2100	1822
48.8791	2098	1819
48.8938	2095	1817
48.9084	2092	1815
48.9231	2089	1813
48.9377	2086	1810
48.9524	2082	1808
48.967	2079	1808
48.9817	2077	1809
48.9963	2075	1810
49.011	2074	1812
49.0256	2074	1812
49.0403	2072	1812
49.0549	2072	1812
49.0696	2072	1811
49.0842	2074	1808
49.0989	2074	1808
49.1135	2074	1806
49.1282	2075	1803
49.1429	2077	1801
49.1575	2079	1799
49.1722	2081	1797
49.1868	2084	1795
49.2015	2086	1792
49.2161	2086	1790
49.2308	2087	1788
49.2454	2088	1787
49.2601	2090	1787
49.2747	2090	1787
49.2894	2091	1788
49.304	2090	1788
49.3187	2089	1787
49.3333	2089	1786
49.348	2089	1786
49.3626	2089	1784
49.3773	2089	1783
49.3919	2090	1783
49.4066	2089	1783
49.4213	2088	1782
49.4359	2088	1780
49.4506	2089	1779
49.4652	2090	1778
49.4798	2091	1778
49.4945	2091	1779
49.5092	2091	1779
49.5238	2090	1778
49.5385	2087	1779
49.5531	2083	1780
49.5678	2081	1780
49.5824	2080	1779
49.5971	2080	1776
49.6117	2080	1772
49.6264	2078	1770
49.641	2076	1769
49.6557	2074	1769
49.6703	2071	1768
49.685	2069	1767
49.6996	2067	1764
49.7143	2065	1761
49.7289	2063	1758
49.7436	2062	1754
49.7582	2061	1752
49.7729	2061	1751
49.7876	2061	1751
49.8022	2060	1750
49.8169	2059	1750
49.8315	2059	1752
49.8462	2058	1755
49.8608	2058	1758
49.8755	2058	1760
49.8901	2059	1761
49.9048	2059	1763
49.9194	2058	1763
49.9341	2057	1762
49.9487	2055	1760
49.9634	2053	1757
49.978	2052	1757
49.9927	2051	1757
50.0073	2051	1755
50.022	2053	1753
50.0366	2054	1751
50.0513	2056	1748
50.0659	2058	1743
50.0806	2060	1738
50.0952	2061	1735
50.1099	2061	1733
50.1245	2060	1733
50.1392	2060	1732
50.1538	2061	1732
50.1685	2063	1734
50.1831	2064	1736
50.1978	2064	1738
50.2124	2063	1739
50.2271	2060	1738
50.2418	2058	1737
50.2564	2055	1736
50.2711	2052	1735
50.2857	2051	1735
50.3004	2050	1733
50.315	2050	1731
50.3297	2049	1729
50.3443	2047	1726
50.359	2047	1724
50.3736	2046	1722
50.3883	2047	1722
50.4029	2048	1721
50.4176	2049	1720
50.4322	2050	1719
50.4469	2051	1716
50.4615	2054	1714
50.4762	2055	1713
50.4908	2056	1712
50.5055	2055	1711
50.5202	2054	1712
50.5348	2054	1713
50.5495	2053	1715
50.5641	2053	1717
50.5787	2053	1719
50.5934	2052	1719
50.6081	2050	1720
50.6227	2049	1722
50.6374	2047	1724
50.652	2048	1723
50.6667	2048	1722
50.6813	2050	1719
50.696	2052	1718
50.7106	2055	1716
50.7253	2056	1715
50.7399	2057	1714
50.7546	2058	1713
50.7692	2059	1712
50.7839	2059	1712
50.7985	2057	1712
50.8132	2055	1713
50.8278	2051	1713
50.8425	2049	1712
50.8571	2048	1712
50.8718	2049	1711
50.8864	2051	1710
50.9011	2053	1708
50.9158	2055	1706
50.9304	2055	1705
50.9451	2055	1704
50.9597	2055	1706
50.9744	2054	1706
50.989	2052	1706
51.0037	2051	1704
51.0183	2050	1703
51.033	2049	1702
51.0476	2049	1701
51.0623	2048	1700
51.0769	2047	1699
51.0916	2046	1699
51.1062	2046	1699
51.1209	2045	1699
51.1355	2045	1699
51.1502	2043	1699
51.1648	2040	1698
51.1795	2038	1697
51.1941	2036	1695
51.2088	2035	1696
51.2234	2034	1695
51.2381	2034	1694
51.2527	2036	1694
51.2674	2038	1695
51.282	2039	1696
51.2967	2039	1696
51.3114	2038	1697
51.326	2039	1697
51.3407	2040	1697
51.3553	2040	1697
51.37	2039	1696
51.3846	2039	1696
51.3993	2039	1695
51.4139	2039	1694
51.4286	2040	1694
51.4432	2040	1694
51.4579	2039	1694
51.4725	2039	1694
51.4872	2038	1693
51.5018	2036	1693
51.5165	2034	1693
51.5311	2032	1692
51.5458	2029	1692
51.5604	2027	1692
51.5751	2024	1693
51.5897	2022	1694
51.6044	2022	1695
51.6191	2022	1693
51.6337	2023	1691
51.6484	2023	1690
51.663	2022	1690
51.6777	2020	1689
51.6923	2018	1687
51.707	2017	1685
51.7216	2016	1685
51.7363	2015	1686
51.7509	2014	1686
51.7656	2013	1686
51.7802	2013	1686
51.7949	2014	1686
51.8095	2013	1686
51.8242	2014	1688
51.8388	2015	1689
51.8535	2016	1688
51.8681	2016	1687
51.8828	2017	1686
51.8974	2018	1684
51.9121	2017	1683
51.9267	2016	1683
51.9414	2015	1682
51.956	2015	1680
51.9707	2015	1679
51.9853	2014	1678
52	2014	1676
52.0147	2013	1674
52.0293	2012	1672
52.044	2011	1671
52.0586	2010	1671
52.0733	2010	1670
52.0879	2011	1669
52.1026	2012	1668
52.1172	2012	1666
52.1319	2012	1664
52.1465	2012	1661
52.1612	2011	1658
52.1758	2011	1655
52.1905	2011	1652
52.2051	2012	1647
52.2198	2014	1642
52.2344	2016	1639
52.2491	2019	1637
52.2637	2020	1635
52.2784	2018	1634
52.293	2016	1633
52.3077	2016	1632
52.3223	2017	1631
52.337	2018	1630
52.3516	2018	1627
52.3663	2017	1625
52.3809	2015	1624
52.3956	2013	1625
52.4103	2013	1627
52.4249	2014	1627
52.4396	2014	1626
52.4542	2014	1626
52.4689	2014	1626
52.4835	2015	1627
52.4982	2016	1628
52.5128	2016	1629
52.5275	2015	1628
52.5421	2013	1627
52.5568	2009	1625
52.5714	2007	1623
52.5861	2005	1620
52.6007	2004	1616
52.6154	2004	1613
52.63	2004	1611
52.6447	2003	1609
52.6593	2004	1607
52.674	2006	1605
52.6886	2010	1602
52.7033	2014	1600
52.718	2016	1599
52.7326	2018	1597
52.7473	2019	1596
52.7619	2019	1596
52.7766	2021	1597
52.7912	2023	1598
52.8059	2024	1598
52.8205	2024	1599
52.8352	2024	1599
52.8498	2023	1598
52.8645	2023	1597
52.8791	2022	1595
52.8938	2021	1594
52.9084	2020	1595
52.9231	2019	1596
52.9377	2017	1598
52.9524	2014	1599
52.967	2011	1600
52.9817	2009	1602
52.9963	2008	1605
53.011	2007	1607
53.0256	2005	1607
53.0403	2003	1607
53.0549	2002	1607
53.0696	2003	1608
53.0842	2004	1608
53.0989	2006	1608
53.1135	2006	1606
53.1282	2006	1604
53.1429	2005	1601
53.1575	2005	1599
53.1722	2004	1596
53.1868	2004	1594
53.2015	2002	1591
53.2161	2001	1590
53.2308	2001	1589
53.2454	2001	1587
53.2601	2003	1586
53.2747	2003	1582
53.2894	2004	1579
53.304	2003	1578
53.3187	2004	1578
53.3333	2004	1579
53.348	2006	1579
53.3626	2007	1580
53.3773	2006	1581
53.3919	2006	1581
53.4066	2005	1581
53.4213	2005	1579
53.4359	2004	1576
53.4506	2004	1572
53.4652	2004	1568
53.4798	2003	1566
53.4945	2001	1565
53.5092	2001	1563
53.5238	2000	1560
53.5385	2001	1558
53.5531	2000	1556
53.5678	2000	1556
53.5824	2000	1556
53.5971	1999	1557
53.6117	1999	1556
53.6264	1999	1555
53.641	1998	1554
53.6557	1996	1554
53.6703	1995	1554
53.685	1992	1555
53.6996	1990	1556
53.7143	1988	1558
53.7289	1987	1562
53.7436	1987	1566
53.7582	1987	1571
53.7729	1985	1574
53.7876	1985	1577
53.8022	1985	1579
53.8169	1984	1579
53.8315	1985	1578
53.8462	1984	1579
53.8608	1985	1579
53.8755	1987	1580
53.8901	1989	1580
53.9048	1991	1581
53.9194	1994	1584
53.9341	1996	1586
53.9487	1996	1589
53.9634	1997	1590
53.978	1997	1589
53.9927	1997	1586
54.0073	1996	1583
54.022	1994	1580
54.0366	1992	1576
54.0513	1992	1573
54.0659	1992	1570
54.0806	1991	1568
54.0952	1990	1567
54.1099	1990	1565
54.1245	1990	1565
54.1392	1989	1564
54.1538	1988	1562
54.1685	1987	1559
54.1831	1987	1555
54.1978	1987	1551
54.2124	1988	1546
54.2271	1990	1542
54.2418	1990	1538
54.2564	1990	1534
54.2711	1987	1531
54.2857	1984	1529
54.3004	1983	1528
54.315	1983	1528
54.3297	1984	1527
54.3443	1985	1526
54.359	1987	1527
54.3736	1989	1527
54.3883	1991	1528
54.4029	1992	1531
54.4176	1993	1533
54.4322	1994	1535
54.4469	1994	1536
54.4615	1996	1537
54.4762	1995	1537
54.4908	1993	1536
54.5055	1990	1535
54.5202	1987	1534
54.5348	1985	1532
54.5495	1983	1532
54.5641	1981	1531
54.5787	1979	1531
54.5934	1978	1530
54.6081	1977	1529
54.6227	1976	1530
54.6374	1975	1531
54.652	1973	1533
54.6667	1973	1533
54.6813	1973	1533
54.696	1974	1533
54.7106	1976	1533
54.7253	1978	1533
54.7399	1980	1533
54.7546	1980	1531
54.7692	1981	1530
54.7839	1981	1528
54.7985	1982	1527
54.8132	1982	1525
54.8278	1983	1522
54.8425	1983	1519
54.8571	1983	1515
54.8718	1982	1512
54.8864	1982	1509
54.9011	1980	1509
54.9158	1979	1509
54.9304	1979	1508
54.9451	1977	1508
54.9597	1975	1508
54.9744	1972	1509
54.989	1970	1511
55.0037	1968	1510
55.0183	1966	1508
55.033	1965	1508
55.0476	1964	1508
55.0623	1962	1507
55.0769	1961	1506
55.0916	1963	1507
55.1062	1964	1508
55.1209	1966	1509
55.1355	1966	1509
55.1502	1965	1509
55.1648	1963	1509
55.1795	1962	1508
55.1941	1961	1507
55.2088	1961	1507
55.2234	1961	1506
55.2381	1963	1504
55.2527	1965	1501
55.2674	1967	1498
55.282	1969	1497
55.2967	1971	1496
55.3114	1973	1494
55.326	1974	1493
55.3407	1975	1491
55.3553	1976	1489
55.37	1976	1488
55.3846	1975	1486
55.3993	1975	1484
55.4139	1975	1482
55.4286	1975	1479
55.4432	1975	1476
55.4579	1974	1475
55.4725	1971	1475
55.4872	1968	1475
55.5018	1964	1477
55.5165	1962	1481
55.5311	1960	1487
55.5458	1958	1490
55.5604	1959	1494
55.5751	1959	1497
55.5897	1960	1498
55.6044	1960	1497
55.6191	1961	1496
55.6337	1961	1494
55.6484	1962	1493
55.663	1963	1492
55.6777	1965	1489
55.6923	1966	1487
55.707	1966	1484
55.7216	1965	1483
55.7363	1965	1482
55.7509	1965	1482
55.7656	1964	1482
55.7802	1964	1483
55.7949	1964	1487
55.8095	1963	1489
55.8242	1961	1488
55.8388	1959	1486
55.8535	1957	1484
55.8681	1956	1485
55.8828	1956	1486
55.8974	1956	1486
55.9121	1958	1485
55.9267	1960	1484
55.9414	1961	1484
55.956	1962	1482
55.9707	1962	1480
55.9853	1961	1477
56	1961	1473
56.0147	1959	1468
56.0293	1959	1464
56.044	1957	1461
56.0586	1956	1457
56.0733	1956	1453
56.0879	1956	1450
56.1026	1958	1448
56.1172	1959	1448
56.1319	1959	1449
56.1465	1959	1451
56.1612	1958	1453
56.1758	1958	1454
56.1905	1958	1455
56.2051	1958	1456
56.2198	1957	1456
56.2344	1956	1457
56.2491	1955	1457
56.2637	1953	1456
56.2784	1952	1457
56.293	1951	1458
56.3077	1951	1459
56.3223	1951	1459
56.337	1951	1459
56.3516	1951	1458
56.3663	1952	1457
56.3809	1951	1456
56.3956	1950	1457
56.4103	1949	1458
56.4249	1947	1458
56.4396	1945	1458
56.4542	1943	1458
56.4689	1941	1459
56.4835	1938	1459
56.4982	1935	1457
56.5128	1933	1456
56.5275	1933	1454
56.5421	1932	1453
56.5568	1933	1452
56.5714	1934	1450
56.5861	1936	1449
56.6007	1938	1446
56.6154	1940	1443
56.63	1942	1441
56.6447	1945	1440
56.6593	1947	1440
56.674	1948	1438
56.6886	1948	1436
56.7033	1949	1435
56.718	1949	1434
56.7326	1948	1435
56.7473	1947	1437
56.7619	1945	1437
56.7766	1944	1437
56.7912	1944	1437
56.8059	1944	1438
56.8205	1944	1438
56.8352	1945	1438
56.8498	1945	1439
56.8645	1946	1438
56.8791	1945	1438
56.8938	1943	1438
56.9084	1941	1438
56.9231	1938	1438
56.9377	1936	1439
56.9524	1934	1440
56.967	1931	1441
56.9817	1929	1441
56.9963	1929	1440
57.011	1928	1440
57.0256	1928	1440
57.0403	1929	1438
57.0549	1930	1437
57.0696	1932	1436
57.0842	1934	1434
57.0989	1935	1432
57.1135	1936	1430
57.1282	1935	1429
57.1429	1934	1429
57.1575	1934	1427
57.1722	1934	1426
57.1868	1934	1423
57.2015	1934	1421
57.2161	1932	1419
57.2308	1930	1417
57.2454	1927	1416
57.2601	1926	1414
57.2747	1925	1413
57.2894	1925	1411
57.304	1925	1410
57.3187	1924	1410
57.3333	1924	1408
57.348	1924	1407
57.3626	1925	1405
57.3773	1926	1403
57.3919	1926	1401
57.4066	1928	1400
57.4213	1928	1400
57.4359	1928	1401
57.4506	1929	1402
57.4652	1929	1403
57.4798	1929	1405
57.4945	1928	1407
57.5092	1926	1407
57.5238	1924	1406
57.5385	1923	1404
57.5531	1922	1404
57.5678	1924	1404
57.5824	1925	1406
57.5971	1925	1408
57.6117	1924	1408
57.6264	1924	1408
57.641	1924	1408
57.6557	1924	1410
57.6703	1924	1411
57.685	1924	1412
57.6996	1924	1413
57.7143	1923	1411
57.7289	1923	1409
57.7436	1924	1407
57.7582	1926	1405
57.7729	1928	1403
57.7876	1930	1401
57.8022	1933	1400
57.8169	1936	1399
57.8315	1939	1398
57.8462	1942	1397
57.8608	1943	1397
57.8755	1944	1398
57.8901	1945	1397
57.9048	1944	1397
57.9194	1944	1397
57.9341	1944	1396
57.9487	1943	1394
57.9634	1942	1392
57.978	1941	1390
57.9927	1939	1387
58.0073	1936	1384
58.022	1933	1382
58.0366	1929	1381
58.0513	1927	1381
58.0659	1927	1381
58.0806	1927	1381
58.0952	1928	1382
58.1099	1928	1382
58.1245	1927	1383
58.1392	1926	1383
58.1538	1925	1384
58.1685	1924	1384
58.1831	1924	1383
58.1978	1926	1383
58.2124	1928	1382
58.2271	1930	1380
58.2418	1929	1378
58.2564	1928	1376
58.2711	1927	1374
58.2857	1928	1371
58.3004	1927	1367
58.315	1926	1365
58.3297	1926	1364
58.3443	1927	1364
58.359	1927	1363
58.3736	1928	1363
58.3883	1929	1362
58.4029	1929	1363
58.4176	1930	1365
58.4322	1931	1368
58.4469	1931	1368
58.4615	1929	1367
58.4762	1928	1366
58.4908	1928	1364
58.5055	1929	1361
58.5202	1931	1359
58.5348	1932	1355
58.5495	1932	1354
58.5641	1932	1354
58.5787	1930	1354
58.5934	1928	1354
58.6081	1926	1354
58.6227	1924	1353
58.6374	1921	1353
58.652	1918	1352
58.6667	1915	1351
58.6813	1914	1350
58.696	1912	1349
58.7106	1910	1348
58.7253	1910	1348
58.7399	1911	1347
58.7546	1912	1348
58.7692	1912	1349
58.7839	1913	1351
58.7985	1914	1353
58.8132	1914	1355
58.8278	1913	1358
58.8425	1911	1359
58.8571	1911	1360
58.8718	1911	1360
58.8864	1912	1360
58.9011	1912	1360
58.9158	1912	1360
58.9304	1913	1359
58.9451	1913	1359
58.9597	1914	1358
58.9744	1913	1356
58.989	1912	1354
59.0037	1910	1353
59.0183	1909	1350
59.033	1907	1348
59.0476	1906	1347
59.0623	1906	1346
59.0769	1905	1345
59.0916	1903	1342
59.1062	1902	1341
59.1209	1901	1339
59.1355	1900	1337
59.1502	1899	1337
59.1648	1899	1337
59.1795	1900	1339
59.1941	1900	1340
59.2088	1899	1341
59.2234	1898	1340
59.2381	1896	1341
59.2527	1896	1341
59.2674	1895	1341
59.282	1897	1342
59.2967	1899	1342
59.3114	1901	1343
59.326	1903	1343
59.3407	1905	1342
59.3553	1906	1341
59.37	1906	1342
59.3846	1907	1342
59.3993	1908	1342
59.4139	1910	1341
59.4286	1913	1341
59.4432	1914	1341
59.4579	1915	1341
59.4725	1916	1340
59.4872	1916	1338
59.5018	1916	1335
59.5165	1913	1334
59.5311	1913	1333
59.5458	1913	1332
59.5604	1914	1330
59.5751	1914	1329
59.5897	1915	1328
59.6044	1915	1327
59.6191	1915	1328
59.6337	1915	1328
59.6484	1913	1328
59.663	1910	1328
59.6777	1908	1328
59.6923	1906	1327
59.707	1905	1327
59.7216	1905	1326
59.7363	1906	1326
59.7509	1906	1327
59.7656	1905	1326
59.7802	1903	1325
59.7949	1902	1325
59.8095	1902	1326
59.8242	1899	1328
59.8388	1897	1331
59.8535	1895	1333
59.8681	1895	1334
59.8828	1896	1334
59.8974	1896	1332
59.9121	1897	1331
59.9267	1899	1329
59.9414	1900	1328
59.956	1900	1329
59.9707	1901	1333
59.9853	1902	1336
60	1903	1337